0x #of reinitializations, #particle, #step,loop time, average time, trms, reset_time
1x max_reinit, nparticle, nstep, blocks, threads, full_exe_elapsed, reset_time_sum, reset_time_sum/max_reinit
1 1 5000 200 1 1 37.34 35.62 35.62
1 1 5000 200 1 16 13.7 11.75 11.75
1 1 5000 200 1 64 12.47 10.69 10.69
1 1 5000 200 1 128 12.58 10.63 10.63
1 1 5000 200 1 256 13.68 11.78 11.78
1 1 5000 200 1 512 16.79 14.97 14.97
1 1 5000 200 4 1 27.44 25.58 25.58
1 1 5000 200 4 16 12.86 10.93 10.93
1 1 5000 200 4 64 12.32 10.53 10.53
1 1 5000 200 4 128 12.28 10.41 10.41
1 1 5000 200 4 256 13.46 11.54 11.54
1 1 5000 200 4 512 19.61 17.82 17.82
1 1 5000 200 16 1 23.85 22.05 22.05
1 1 5000 200 16 16 12.71 10.88 10.88
1 1 5000 200 16 64 12.35 10.53 10.53
1 1 5000 200 16 128 14.32 12.45 12.45
1 1 5000 200 16 256 20.05 18.22 18.22
1 1 5000 200 16 512 25.48 23.68 23.68
1 1 5000 200 32 1 23.49 21.6 21.6
1 1 5000 200 32 16 12.71 10.88 10.88
1 1 5000 200 32 64 14.48 12.59 12.59
1 1 5000 200 32 128 18.39 16.48 16.48
1 1 5000 200 32 256 20.34 18.55 18.55
1 1 5000 200 32 512 48.98 47.07 47.07
1 1 5000 200 64 1 23.34 21.49 21.49
1 1 5000 200 64 16 12.87 11 11
1 1 5000 200 64 64 18.54 16.76 16.76
1 1 5000 200 64 128 18.58 16.67 16.67
1 1 5000 200 64 256 38.69 36.8 36.8
1 1 5000 200 64 512 95.5 93.66 93.66
1 1 5000 200 128 1 23.49 21.69 21.69
1 1 5000 200 128 16 15.16 13.25 13.25
1 1 5000 200 128 64 18.81 16.96 16.96
1 1 5000 200 128 128 34.73 32.91 32.91
1 1 5000 200 128 256 74.95 73.18 73.18
1 1 5000 200 128 512 188.76 186.97 186.97
1 1 4500 200 1 1 33.83 32.11 32.11
1 1 4500 200 1 16 12.45 10.63 10.63
1 1 4500 200 1 64 11.48 9.65 9.65
1 1 4500 200 1 128 11.42 9.59 9.59
1 1 4500 200 1 256 12.45 10.66 10.66
1 1 4500 200 1 512 15.39 13.57 13.57
1 1 4500 200 4 1 24.87 23.06 23.06
1 1 4500 200 4 16 11.8 9.86 9.86
1 1 4500 200 4 64 11.3 9.53 9.53
1 1 4500 200 4 128 11.31 9.43 9.43
1 1 4500 200 4 256 13.35 11.54 11.54
1 1 4500 200 4 512 19.5 17.7 17.7
1 1 4500 200 16 1 21.86 19.91 19.91
1 1 4500 200 16 16 11.59 9.85 9.85
1 1 4500 200 16 64 12.27 10.5 10.5
1 1 4500 200 16 128 14.3 12.44 12.44
1 1 4500 200 16 256 20.11 18.21 18.21
1 1 4500 200 16 512 25.46 23.68 23.68
1 1 4500 200 32 1 21.28 19.41 19.41
1 1 4500 200 32 16 11.67 9.86 9.86
1 1 4500 200 32 64 14.49 12.59 12.59
1 1 4500 200 32 128 18.31 16.49 16.49
1 1 4500 200 32 256 20.33 18.54 18.54
1 1 4500 200 32 512 48.7 46.95 46.95
1 1 4500 200 64 1 21.13 19.37 19.37
1 1 4500 200 64 16 12.87 11.01 11.01
1 1 4500 200 64 64 18.55 16.74 16.74
1 1 4500 200 64 128 18.5 16.67 16.67
1 1 4500 200 64 256 38.64 36.78 36.78
1 1 4500 200 64 512 95.35 93.58 93.58
1 1 4500 200 128 1 21.31 19.58 19.58
1 1 4500 200 128 16 15.06 13.26 13.26
1 1 4500 200 128 64 18.87 16.98 16.98
1 1 4500 200 128 128 34.77 32.9 32.9
1 1 4500 200 128 256 75 73.18 73.18
1 1 4500 200 128 512 188.5 186.8 186.8
1 1 4000 200 1 1 30.38 28.53 28.53
1 1 4000 200 1 16 11.41 9.47 9.47
1 1 4000 200 1 64 10.4 8.6 8.6
1 1 4000 200 1 128 10.43 8.58 8.58
1 1 4000 200 1 256 11.34 9.51 9.51
1 1 4000 200 1 512 13.97 12.08 12.08
1 1 4000 200 4 1 22.35 20.53 20.53
1 1 4000 200 4 16 10.72 8.8 8.8
1 1 4000 200 4 64 10.33 8.51 8.51
1 1 4000 200 4 128 10.19 8.41 8.41
1 1 4000 200 4 256 11.24 9.31 9.31
1 1 4000 200 4 512 13.84 12.01 12.01
1 1 4000 200 16 1 19.57 17.7 17.7
1 1 4000 200 16 16 10.62 8.79 8.79
1 1 4000 200 16 64 10.32 8.51 8.51
1 1 4000 200 16 128 10.23 8.44 8.44
1 1 4000 200 16 256 11.29 9.46 9.46
1 1 4000 200 16 512 25.52 23.68 23.68
1 1 4000 200 32 1 19.01 17.24 17.24
1 1 4000 200 32 16 10.54 8.81 8.81
1 1 4000 200 32 64 10.41 8.55 8.55
1 1 4000 200 32 128 10.27 8.51 8.51
1 1 4000 200 32 256 20.38 18.55 18.55
1 1 4000 200 32 512 48.86 47.05 47.05
1 1 4000 200 64 1 18.94 17.23 17.23
1 1 4000 200 64 16 10.71 8.92 8.92
1 1 4000 200 64 64 10.38 8.67 8.67
1 1 4000 200 64 128 18.42 16.65 16.65
1 1 4000 200 64 256 38.69 36.74 36.74
1 1 4000 200 64 512 95.36 93.58 93.58
1 1 4000 200 128 1 19.4 17.47 17.47
1 1 4000 200 128 16 10.87 9.11 9.11
1 1 4000 200 128 64 18.75 16.97 16.97
1 1 4000 200 128 128 34.75 32.87 32.87
1 1 4000 200 128 256 75.05 73.12 73.12
1 1 4000 200 128 512 188.61 186.83 186.83
1 1 3500 200 1 1 26.84 25.04 25.04
1 1 3500 200 1 16 10.01 8.33 8.33
1 1 3500 200 1 64 9.36 7.55 7.55
1 1 3500 200 1 128 9.42 7.56 7.56
1 1 3500 200 1 256 10.16 8.37 8.37
1 1 3500 200 1 512 12.46 10.62 10.62
1 1 3500 200 4 1 19.83 18.02 18.02
1 1 3500 200 4 16 9.54 7.74 7.74
1 1 3500 200 4 64 9.42 7.5 7.5
1 1 3500 200 4 128 9.24 7.45 7.45
1 1 3500 200 4 256 11.2 9.31 9.31
1 1 3500 200 4 512 13.93 12.02 12.02
1 1 3500 200 16 1 17.36 15.56 15.56
1 1 3500 200 16 16 9.49 7.73 7.73
1 1 3500 200 16 64 10.32 8.51 8.51
1 1 3500 200 16 128 10.26 8.43 8.43
1 1 3500 200 16 256 11.3 9.46 9.46
1 1 3500 200 16 512 25.44 23.68 23.68
1 1 3500 200 32 1 17.1 15.24 15.24
1 1 3500 200 32 16 9.61 7.77 7.77
1 1 3500 200 32 64 10.38 8.57 8.57
1 1 3500 200 32 128 10.3 8.48 8.48
1 1 3500 200 32 256 20.29 18.53 18.53
1 1 3500 200 32 512 48.89 47 47
1 1 3500 200 64 1 16.8 15.08 15.08
1 1 3500 200 64 16 10.72 8.9 8.9
1 1 3500 200 64 64 10.45 8.67 8.67
1 1 3500 200 64 128 18.35 16.63 16.63
1 1 3500 200 64 256 38.53 36.74 36.74
1 1 3500 200 64 512 95.49 93.65 93.65
1 1 3500 200 128 1 17.18 15.37 15.37
1 1 3500 200 128 16 10.89 9.11 9.11
1 1 3500 200 128 64 18.76 16.96 16.96
1 1 3500 200 128 128 34.7 32.83 32.83
1 1 3500 200 128 256 75.02 73.15 73.15
1 1 3500 200 128 512 188.87 187.02 187.02
1 1 3000 200 1 1 23.32 21.53 21.53
1 1 3000 200 1 16 9.02 7.22 7.22
1 1 3000 200 1 64 8.24 6.51 6.51
1 1 3000 200 1 128 8.43 6.53 6.53
1 1 3000 200 1 256 9.08 7.24 7.24
1 1 3000 200 1 512 11.03 9.17 9.17
1 1 3000 200 4 1 17.36 15.49 15.49
1 1 3000 200 4 16 8.56 6.66 6.66
1 1 3000 200 4 64 8.41 6.47 6.47
1 1 3000 200 4 128 8.28 6.42 6.42
1 1 3000 200 4 256 8.9 7.09 7.09
1 1 3000 200 4 512 13.75 12.01 12.01
1 1 3000 200 16 1 15.19 13.42 13.42
1 1 3000 200 16 16 8.64 6.69 6.69
1 1 3000 200 16 64 8.29 6.48 6.48
1 1 3000 200 16 128 10.26 8.44 8.44
1 1 3000 200 16 256 11.22 9.45 9.45
1 1 3000 200 16 512 25.49 23.68 23.68
1 1 3000 200 32 1 14.88 13.07 13.07
1 1 3000 200 32 16 8.62 6.73 6.73
1 1 3000 200 32 64 10.3 8.54 8.54
1 1 3000 200 32 128 10.33 8.5 8.5
1 1 3000 200 32 256 20.34 18.53 18.53
1 1 3000 200 32 512 48.75 46.96 46.96
1 1 3000 200 64 1 14.73 12.94 12.94
1 1 3000 200 64 16 8.71 6.81 6.81
1 1 3000 200 64 64 10.45 8.67 8.67
1 1 3000 200 64 128 18.5 16.61 16.61
1 1 3000 200 64 256 38.66 36.75 36.75
1 1 3000 200 64 512 95.38 93.64 93.64
1 1 3000 200 128 1 15.06 13.24 13.24
1 1 3000 200 128 16 10.98 9.11 9.11
1 1 3000 200 128 64 18.77 16.96 16.96
1 1 3000 200 128 128 34.73 32.88 32.88
1 1 3000 200 128 256 75 73.19 73.19
1 1 3000 200 128 512 188.82 186.95 186.95
1 1 2500 200 1 1 19.76 18.01 18.01
1 1 2500 200 1 16 7.89 6.08 6.08
1 1 2500 200 1 64 7.38 5.59 5.59
1 1 2500 200 1 128 7.23 5.5 5.5
1 1 2500 200 1 256 7.93 6.08 6.08
1 1 2500 200 1 512 9.64 7.71 7.71
1 1 2500 200 4 1 14.73 12.99 12.99
1 1 2500 200 4 16 7.47 5.73 5.73
1 1 2500 200 4 64 7.25 5.45 5.45
1 1 2500 200 4 128 7.25 5.42 5.42
1 1 2500 200 4 256 8.9 7.1 7.1
1 1 2500 200 4 512 13.74 12 12
1 1 2500 200 16 1 13.04 11.26 11.26
1 1 2500 200 16 16 7.57 5.64 5.64
1 1 2500 200 16 64 8.26 6.48 6.48
1 1 2500 200 16 128 10.19 8.44 8.44
1 1 2500 200 16 256 11.28 9.45 9.45
1 1 2500 200 16 512 25.47 23.68 23.68
1 1 2500 200 32 1 12.8 11.05 11.05
1 1 2500 200 32 16 7.53 5.68 5.68
1 1 2500 200 32 64 10.35 8.55 8.55
1 1 2500 200 32 128 10.29 8.5 8.5
1 1 2500 200 32 256 20.26 18.51 18.51
1 1 2500 200 32 512 48.8 46.94 46.94
1 1 2500 200 64 1 12.96 11.1 11.1
1 1 2500 200 64 16 8.66 6.82 6.82
1 1 2500 200 64 64 10.39 8.64 8.64
1 1 2500 200 64 128 18.44 16.59 16.59
1 1 2500 200 64 256 38.57 36.69 36.69
1 1 2500 200 64 512 95.38 93.54 93.54
1 1 2500 200 128 1 12.85 11.12 11.12
1 1 2500 200 128 16 10.91 9.09 9.09
1 1 2500 200 128 64 18.84 16.92 16.92
1 1 2500 200 128 128 34.57 32.82 32.82
1 1 2500 200 128 256 74.8 73 73
1 1 2500 200 128 512 188.4 186.66 186.66
1 1 2000 200 1 1 16.43 14.51 14.51
1 1 2000 200 1 16 6.75 4.92 4.92
1 1 2000 200 1 64 6.35 4.55 4.55
1 1 2000 200 1 128 6.27 4.48 4.48
1 1 2000 200 1 256 6.73 4.94 4.94
1 1 2000 200 1 512 8.07 6.24 6.24
1 1 2000 200 4 1 12.25 10.47 10.47
1 1 2000 200 4 16 6.51 4.66 4.66
1 1 2000 200 4 64 6.15 4.45 4.45
1 1 2000 200 4 128 6.29 4.42 4.42
1 1 2000 200 4 256 6.68 4.87 4.87
1 1 2000 200 4 512 8.06 6.21 6.21
1 1 2000 200 16 1 10.9 9.04 9.04
1 1 2000 200 16 16 6.41 4.61 4.61
1 1 2000 200 16 64 6.33 4.48 4.48
1 1 2000 200 16 128 6.25 4.46 4.46
1 1 2000 200 16 256 11.24 9.45 9.45
1 1 2000 200 16 512 25.49 23.66 23.66
1 1 2000 200 32 1 10.65 8.9 8.9
1 1 2000 200 32 16 6.46 4.63 4.63
1 1 2000 200 32 64 6.32 4.51 4.51
1 1 2000 200 32 128 10.36 8.52 8.52
1 1 2000 200 32 256 20.43 18.52 18.52
1 1 2000 200 32 512 48.83 46.9 46.9
1 1 2000 200 64 1 10.89 8.97 8.97
1 1 2000 200 64 16 6.52 4.74 4.74
1 1 2000 200 64 64 10.39 8.65 8.65
1 1 2000 200 64 128 18.53 16.66 16.66
1 1 2000 200 64 256 38.52 36.69 36.69
1 1 2000 200 64 512 95.34 93.42 93.42
1 1 2000 200 128 1 10.75 9.01 9.01
1 1 2000 200 128 16 6.78 4.95 4.95
1 1 2000 200 128 64 18.83 16.93 16.93
1 1 2000 200 128 128 34.72 32.92 32.92
1 1 2000 200 128 256 74.79 72.97 72.97
1 1 2000 200 128 512 188.29 186.42 186.42
1 1 1500 200 1 1 12.81 10.95 10.95
1 1 1500 200 1 16 5.76 3.8 3.8
1 1 1500 200 1 64 5.42 3.51 3.51
1 1 1500 200 1 128 5.27 3.45 3.45
1 1 1500 200 1 256 5.53 3.8 3.8
1 1 1500 200 1 512 6.48 4.77 4.77
1 1 1500 200 4 1 9.81 7.94 7.94
1 1 1500 200 4 16 5.4 3.59 3.59
1 1 1500 200 4 64 5.25 3.43 3.43
1 1 1500 200 4 128 5.23 3.4 3.4
1 1 1500 200 4 256 6.65 4.86 4.86
1 1 1500 200 4 512 7.98 6.21 6.21
1 1 1500 200 16 1 8.63 6.9 6.9
1 1 1500 200 16 16 5.33 3.58 3.58
1 1 1500 200 16 64 6.38 4.46 4.46
1 1 1500 200 16 128 6.31 4.42 4.42
1 1 1500 200 16 256 11.32 9.45 9.45
1 1 1500 200 16 512 25.45 23.64 23.64
1 1 1500 200 32 1 8.51 6.76 6.76
1 1 1500 200 32 16 5.51 3.6 3.6
1 1 1500 200 32 64 6.28 4.51 4.51
1 1 1500 200 32 128 10.3 8.49 8.49
1 1 1500 200 32 256 20.29 18.53 18.53
1 1 1500 200 32 512 48.62 46.89 46.89
1 1 1500 200 64 1 8.63 6.85 6.85
1 1 1500 200 64 16 6.5 4.74 4.74
1 1 1500 200 64 64 10.38 8.64 8.64
1 1 1500 200 64 128 18.38 16.58 16.58
1 1 1500 200 64 256 38.49 36.67 36.67
1 1 1500 200 64 512 95.16 93.39 93.39
1 1 1500 200 128 1 8.71 6.91 6.91
1 1 1500 200 128 16 6.77 4.95 4.95
1 1 1500 200 128 64 18.74 16.91 16.91
1 1 1500 200 128 128 34.63 32.8 32.8
1 1 1500 200 128 256 74.88 73.01 73.01
1 1 1500 200 128 512 188.27 186.39 186.39
1 1 1400 200 1 1 12.19 10.26 10.26
1 1 1400 200 1 16 5.38 3.59 3.59
1 1 1400 200 1 64 5.04 3.25 3.25
1 1 1400 200 1 128 5.07 3.19 3.19
1 1 1400 200 1 256 5.53 3.73 3.73
1 1 1400 200 1 512 6.27 4.56 4.56
1 1 1400 200 4 1 9.24 7.45 7.45
1 1 1400 200 4 16 5.27 3.33 3.33
1 1 1400 200 4 64 5.24 3.42 3.42
1 1 1400 200 4 128 5.17 3.4 3.4
1 1 1400 200 4 256 6.8 4.87 4.87
1 1 1400 200 4 512 8.03 6.2 6.2
1 1 1400 200 16 1 8.31 6.49 6.49
1 1 1400 200 16 16 5.34 3.55 3.55
1 1 1400 200 16 64 6.26 4.46 4.46
1 1 1400 200 16 128 6.17 4.43 4.43
1 1 1400 200 16 256 11.27 9.44 9.44
1 1 1400 200 16 512 25.44 23.64 23.64
1 1 1400 200 32 1 8.15 6.34 6.34
1 1 1400 200 32 16 5.53 3.61 3.61
1 1 1400 200 32 64 6.38 4.51 4.51
1 1 1400 200 32 128 10.33 8.47 8.47
1 1 1400 200 32 256 20.27 18.51 18.51
1 1 1400 200 32 512 48.69 46.89 46.89
1 1 1400 200 64 1 8.05 6.32 6.32
1 1 1400 200 64 16 6.53 4.74 4.74
1 1 1400 200 64 64 10.43 8.65 8.65
1 1 1400 200 64 128 18.37 16.58 16.58
1 1 1400 200 64 256 38.47 36.67 36.67
1 1 1400 200 64 512 95.17 93.39 93.39
1 1 1400 200 128 1 8.17 6.38 6.38
1 1 1400 200 128 16 6.81 4.96 4.96
1 1 1400 200 128 64 18.73 16.9 16.9
1 1 1400 200 128 128 34.7 32.78 32.78
1 1 1400 200 128 256 74.85 73.04 73.04
1 1 1400 200 128 512 188.19 186.39 186.39
1 1 1300 200 1 1 11.42 9.55 9.55
1 1 1300 200 1 16 5.13 3.36 3.36
1 1 1300 200 1 64 4.91 3.12 3.12
1 1 1300 200 1 128 4.9 3.19 3.19
1 1 1300 200 1 256 5.44 3.72 3.72
1 1 1300 200 1 512 6.3 4.55 4.55
1 1 1300 200 4 1 8.77 6.94 6.94
1 1 1300 200 4 16 5.03 3.2 3.2
1 1 1300 200 4 64 5.23 3.43 3.43
1 1 1300 200 4 128 5.31 3.41 3.41
1 1 1300 200 4 256 6.69 4.86 4.86
1 1 1300 200 4 512 8 6.21 6.21
1 1 1300 200 16 1 7.85 6.07 6.07
1 1 1300 200 16 16 5.34 3.55 3.55
1 1 1300 200 16 64 6.31 4.46 4.46
1 1 1300 200 16 128 6.23 4.45 4.45
1 1 1300 200 16 256 11.25 9.45 9.45
1 1 1300 200 16 512 25.45 23.65 23.65
1 1 1300 200 32 1 7.91 5.95 5.95
1 1 1300 200 32 16 5.51 3.62 3.62
1 1 1300 200 32 64 6.36 4.52 4.52
1 1 1300 200 32 128 10.26 8.49 8.49
1 1 1300 200 32 256 20.39 18.53 18.53
1 1 1300 200 32 512 48.69 46.88 46.88
1 1 1300 200 64 1 7.84 6.05 6.05
1 1 1300 200 64 16 6.58 4.74 4.74
1 1 1300 200 64 64 10.47 8.66 8.66
1 1 1300 200 64 128 18.45 16.59 16.59
1 1 1300 200 64 256 38.48 36.67 36.67
1 1 1300 200 64 512 95.18 93.41 93.41
1 1 1300 200 128 1 8.18 6.36 6.36
1 1 1300 200 128 16 6.75 4.96 4.96
1 1 1300 200 128 64 18.74 16.91 16.91
1 1 1300 200 128 128 34.6 32.8 32.8
1 1 1300 200 128 256 74.66 72.91 72.91
1 1 1300 200 128 512 188.15 186.42 186.42
1 1 1200 200 1 1 10.64 8.8 8.8
1 1 1200 200 1 16 4.92 3.1 3.1
1 1 1200 200 1 64 4.74 2.86 2.86
1 1 1200 200 1 128 4.73 2.94 2.94
1 1 1200 200 1 256 5.04 3.21 3.21
1 1 1200 200 1 512 6.18 4.41 4.41
1 1 1200 200 4 1 8.23 6.4 6.4
1 1 1200 200 4 16 4.83 2.92 2.92
1 1 1200 200 4 64 4.83 2.92 2.92
1 1 1200 200 4 128 5.09 3.38 3.38
1 1 1200 200 4 256 6.66 4.84 4.84
1 1 1200 200 4 512 8.02 6.21 6.21
1 1 1200 200 16 1 7.35 5.6 5.6
1 1 1200 200 16 16 4.84 3.03 3.03
1 1 1200 200 16 64 6.32 4.48 4.48
1 1 1200 200 16 128 6.32 4.43 4.43
1 1 1200 200 16 256 11.27 9.44 9.44
1 1 1200 200 16 512 25.52 23.65 23.65
1 1 1200 200 32 1 7.27 5.53 5.53
1 1 1200 200 32 16 5.4 3.6 3.6
1 1 1200 200 32 64 6.33 4.52 4.52
1 1 1200 200 32 128 10.28 8.48 8.48
1 1 1200 200 32 256 20.34 18.53 18.53
1 1 1200 200 32 512 48.72 46.91 46.91
1 1 1200 200 64 1 7.34 5.51 5.51
1 1 1200 200 64 16 6.5 4.74 4.74
1 1 1200 200 64 64 10.48 8.65 8.65
1 1 1200 200 64 128 18.44 16.59 16.59
1 1 1200 200 64 256 38.54 36.71 36.71
1 1 1200 200 64 512 95.17 93.42 93.42
1 1 1200 200 128 1 7.69 5.86 5.86
1 1 1200 200 128 16 6.76 4.96 4.96
1 1 1200 200 128 64 18.81 16.93 16.93
1 1 1200 200 128 128 34.69 32.8 32.8
1 1 1200 200 128 256 74.86 73.09 73.09
1 1 1200 200 128 512 188.23 186.42 186.42
1 1 1100 200 1 1 9.93 8.14 8.14
1 1 1100 200 1 16 4.69 2.9 2.9
1 1 1100 200 1 64 4.42 2.72 2.72
1 1 1100 200 1 128 4.49 2.69 2.69
1 1 1100 200 1 256 5.04 3.19 3.19
1 1 1100 200 1 512 6.11 4.31 4.31
1 1 1100 200 4 1 7.73 5.92 5.92
1 1 1100 200 4 16 4.61 2.8 2.8
1 1 1100 200 4 64 4.61 2.93 2.93
1 1 1100 200 4 128 5.19 3.4 3.4
1 1 1100 200 4 256 6.4 4.65 4.65
1 1 1100 200 4 512 8.08 6.2 6.2
1 1 1100 200 16 1 6.99 5.16 5.16
1 1 1100 200 16 16 4.84 3.03 3.03
1 1 1100 200 16 64 6.22 4.45 4.45
1 1 1100 200 16 128 6.24 4.45 4.45
1 1 1100 200 16 256 11.28 9.45 9.45
1 1 1100 200 16 512 25.47 23.63 23.63
1 1 1100 200 32 1 7.01 5.13 5.13
1 1 1100 200 32 16 5.4 3.6 3.6
1 1 1100 200 32 64 6.25 4.51 4.51
1 1 1100 200 32 128 10.31 8.5 8.5
1 1 1100 200 32 256 20.36 18.52 18.52
1 1 1100 200 32 512 48.64 46.91 46.91
1 1 1100 200 64 1 7.19 5.26 5.26
1 1 1100 200 64 16 6.58 4.75 4.75
1 1 1100 200 64 64 10.54 8.66 8.66
1 1 1100 200 64 128 18.49 16.61 16.61
1 1 1100 200 64 256 38.47 36.65 36.65
1 1 1100 200 64 512 95.25 93.4 93.4
1 1 1100 200 128 1 7.18 5.32 5.32
1 1 1100 200 128 16 6.72 4.95 4.95
1 1 1100 200 128 64 18.64 16.91 16.91
1 1 1100 200 128 128 34.65 32.85 32.85
1 1 1100 200 128 256 74.67 72.88 72.88
1 1 1100 200 128 512 188.24 186.43 186.43
1 1 1000 200 1 1 9.33 7.45 7.45
1 1 1000 200 1 16 4.57 2.67 2.67
1 1 1000 200 1 64 4.35 2.46 2.46
1 1 1000 200 1 128 4.29 2.43 2.43
1 1 1000 200 1 256 4.57 2.67 2.67
1 1 1000 200 1 512 5.06 3.3 3.3
1 1 1000 200 4 1 7.22 5.43 5.43
1 1 1000 200 4 16 4.4 2.53 2.53
1 1 1000 200 4 64 4.32 2.43 2.43
1 1 1000 200 4 128 4.25 2.42 2.42
1 1 1000 200 4 256 4.48 2.65 2.65
1 1 1000 200 4 512 8.04 6.22 6.22
1 1 1000 200 16 1 6.57 4.77 4.77
1 1 1000 200 16 16 4.35 2.51 2.51
1 1 1000 200 16 64 4.28 2.45 2.45
1 1 1000 200 16 128 6.23 4.45 4.45
1 1 1000 200 16 256 11.27 9.42 9.42
1 1 1000 200 16 512 25.45 23.64 23.64
1 1 1000 200 32 1 6.45 4.74 4.74
1 1 1000 200 32 16 4.43 2.57 2.57
1 1 1000 200 32 64 6.38 4.51 4.51
1 1 1000 200 32 128 10.36 8.51 8.51
1 1 1000 200 32 256 20.28 18.49 18.49
1 1 1000 200 32 512 48.82 46.9 46.9
1 1 1000 200 64 1 6.58 4.72 4.72
1 1 1000 200 64 16 4.53 2.67 2.67
1 1 1000 200 64 64 10.59 8.64 8.64
1 1 1000 200 64 128 18.5 16.67 16.67
1 1 1000 200 64 256 38.53 36.64 36.64
1 1 1000 200 64 512 95.29 93.42 93.42
1 1 1000 200 128 1 6.61 4.79 4.79
1 1 1000 200 128 16 6.7 4.95 4.95
1 1 1000 200 128 64 18.75 16.92 16.92
1 1 1000 200 128 128 34.82 32.92 32.92
1 1 1000 200 128 256 74.84 72.99 72.99
1 1 1000 200 128 512 188.32 186.43 186.43
1 1 900 200 1 1 8.5 6.7 6.7
1 1 900 200 1 16 4.12 2.46 2.46
1 1 900 200 1 64 4.09 2.34 2.34
1 1 900 200 1 128 4.21 2.42 2.42
1 1 900 200 1 256 4.48 2.61 2.61
1 1 900 200 1 512 5.12 3.27 3.27
1 1 900 200 4 1 6.76 4.92 4.92
1 1 900 200 4 16 4.29 2.37 2.37
1 1 900 200 4 64 4.23 2.42 2.42
1 1 900 200 4 128 4.26 2.38 2.38
1 1 900 200 4 256 4.43 2.66 2.66
1 1 900 200 4 512 8.01 6.2 6.2
1 1 900 200 16 1 6.22 4.34 4.34
1 1 900 200 16 16 4.45 2.52 2.52
1 1 900 200 16 64 4.29 2.47 2.47
1 1 900 200 16 128 6.26 4.45 4.45
1 1 900 200 16 256 11.27 9.44 9.44
1 1 900 200 16 512 25.46 23.64 23.64
1 1 900 200 32 1 6.11 4.33 4.33
1 1 900 200 32 16 4.39 2.56 2.56
1 1 900 200 32 64 6.31 4.51 4.51
1 1 900 200 32 128 10.33 8.47 8.47
1 1 900 200 32 256 20.34 18.5 18.5
1 1 900 200 32 512 48.71 46.89 46.89
1 1 900 200 64 1 6.27 4.44 4.44
1 1 900 200 64 16 4.46 2.67 2.67
1 1 900 200 64 64 10.47 8.64 8.64
1 1 900 200 64 128 18.37 16.58 16.58
1 1 900 200 64 256 38.39 36.61 36.61
1 1 900 200 64 512 95.23 93.41 93.41
1 1 900 200 128 1 6.72 4.79 4.79
1 1 900 200 128 16 6.78 4.95 4.95
1 1 900 200 128 64 18.7 16.91 16.91
1 1 900 200 128 128 34.62 32.79 32.79
1 1 900 200 128 256 74.71 72.88 72.88
1 1 900 200 128 512 188.24 186.42 186.42
1 1 800 200 1 1 7.91 6.01 6.01
1 1 800 200 1 16 4.15 2.2 2.2
1 1 800 200 1 64 3.9 2.07 2.07
1 1 800 200 1 128 3.99 2.17 2.17
1 1 800 200 1 256 4.41 2.57 2.57
1 1 800 200 1 512 4.96 3.07 3.07
1 1 800 200 4 1 6.18 4.41 4.41
1 1 800 200 4 16 3.91 2.13 2.13
1 1 800 200 4 64 4.13 2.41 2.41
1 1 800 200 4 128 4.14 2.39 2.39
1 1 800 200 4 256 4.47 2.65 2.65
1 1 800 200 4 512 8.03 6.2 6.2
1 1 800 200 16 1 5.66 3.85 3.85
1 1 800 200 16 16 4.35 2.5 2.5
1 1 800 200 16 64 4.23 2.46 2.46
1 1 800 200 16 128 6.19 4.44 4.44
1 1 800 200 16 256 11.31 9.42 9.42
1 1 800 200 16 512 25.45 23.65 23.65
1 1 800 200 32 1 5.63 3.79 3.79
1 1 800 200 32 16 4.35 2.56 2.56
1 1 800 200 32 64 6.36 4.51 4.51
1 1 800 200 32 128 10.37 8.47 8.47
1 1 800 200 32 256 20.36 18.48 18.48
1 1 800 200 32 512 48.67 46.89 46.89
1 1 800 200 64 1 5.75 3.91 3.91
1 1 800 200 64 16 4.5 2.66 2.66
1 1 800 200 64 64 10.43 8.64 8.64
1 1 800 200 64 128 18.46 16.6 16.6
1 1 800 200 64 256 38.48 36.58 36.58
1 1 800 200 64 512 95.13 93.39 93.39
1 1 800 200 128 1 6.23 4.28 4.28
1 1 800 200 128 16 6.76 4.94 4.94
1 1 800 200 128 64 18.79 16.91 16.91
1 1 800 200 128 128 34.65 32.82 32.82
1 1 800 200 128 256 74.65 72.72 72.72
1 1 800 200 128 512 188.19 186.43 186.43
1 1 700 200 1 1 7.12 5.32 5.32
1 1 700 200 1 16 3.85 1.98 1.98
1 1 700 200 1 64 3.74 1.81 1.81
1 1 700 200 1 128 3.71 1.91 1.91
1 1 700 200 1 256 3.95 2.08 2.08
1 1 700 200 1 512 4.75 2.95 2.95
1 1 700 200 4 1 5.67 3.9 3.9
1 1 700 200 4 16 3.64 1.85 1.85
1 1 700 200 4 64 3.63 1.91 1.91
1 1 700 200 4 128 4.28 2.39 2.39
1 1 700 200 4 256 4.44 2.64 2.64
1 1 700 200 4 512 7.95 6.18 6.18
1 1 700 200 16 1 5.3 3.44 3.44
1 1 700 200 16 16 3.81 1.98 1.98
1 1 700 200 16 64 4.28 2.44 2.44
1 1 700 200 16 128 6.24 4.42 4.42
1 1 700 200 16 256 11.27 9.44 9.44
1 1 700 200 16 512 25.61 23.66 23.66
1 1 700 200 32 1 5.18 3.39 3.39
1 1 700 200 32 16 4.25 2.54 2.54
1 1 700 200 32 64 6.34 4.52 4.52
1 1 700 200 32 128 10.37 8.48 8.48
1 1 700 200 32 256 20.41 18.5 18.5
1 1 700 200 32 512 48.56 46.87 46.87
1 1 700 200 64 1 5.17 3.38 3.38
1 1 700 200 64 16 4.53 2.66 2.66
1 1 700 200 64 64 10.53 8.65 8.65
1 1 700 200 64 128 18.38 16.59 16.59
1 1 700 200 64 256 38.42 36.63 36.63
1 1 700 200 64 512 95.18 93.39 93.39
1 1 700 200 128 1 5.68 3.74 3.74
1 1 700 200 128 16 6.77 4.95 4.95
1 1 700 200 128 64 18.74 16.91 16.91
1 1 700 200 128 128 34.71 32.81 32.81
1 1 700 200 128 256 74.77 72.92 72.92
1 1 700 200 128 512 188.2 186.41 186.41
1 1 600 200 1 1 6.51 4.61 4.61
1 1 600 200 1 16 3.65 1.76 1.76
1 1 600 200 1 64 3.46 1.68 1.68
1 1 600 200 1 128 3.57 1.65 1.65
1 1 600 200 1 256 3.95 2.01 2.01
1 1 600 200 1 512 4.69 2.82 2.82
1 1 600 200 4 1 5.23 3.4 3.4
1 1 600 200 4 16 3.5 1.73 1.73
1 1 600 200 4 64 3.68 1.91 1.91
1 1 600 200 4 128 4.2 2.4 2.4
1 1 600 200 4 256 4.41 2.65 2.65
1 1 600 200 4 512 7.99 6.18 6.18
1 1 600 200 16 1 4.9 3.02 3.02
1 1 600 200 16 16 3.88 1.98 1.98
1 1 600 200 16 64 4.21 2.44 2.44
1 1 600 200 16 128 6.19 4.43 4.43
1 1 600 200 16 256 11.24 9.42 9.42
1 1 600 200 16 512 25.47 23.65 23.65
1 1 600 200 32 1 4.81 2.98 2.98
1 1 600 200 32 16 4.32 2.56 2.56
1 1 600 200 32 64 6.37 4.51 4.51
1 1 600 200 32 128 10.44 8.49 8.49
1 1 600 200 32 256 20.27 18.49 18.49
1 1 600 200 32 512 48.71 46.88 46.88
1 1 600 200 64 1 4.99 3.12 3.12
1 1 600 200 64 16 4.45 2.66 2.66
1 1 600 200 64 64 10.45 8.64 8.64
1 1 600 200 64 128 18.48 16.59 16.59
1 1 600 200 64 256 38.31 36.56 36.56
1 1 600 200 64 512 95.17 93.39 93.39
1 1 600 200 128 1 5.07 3.22 3.22
1 1 600 200 128 16 6.76 4.94 4.94
1 1 600 200 128 64 18.74 16.9 16.9
1 1 600 200 128 128 34.6 32.79 32.79
1 1 600 200 128 256 74.61 72.73 72.73
1 1 600 200 128 512 188.13 186.39 186.39
1 1 500 200 1 1 5.71 3.87 3.87
1 1 500 200 1 16 3.33 1.54 1.54
1 1 500 200 1 64 3.25 1.42 1.42
1 1 500 200 1 128 3.17 1.4 1.4
1 1 500 200 1 256 3.3 1.51 1.51
1 1 500 200 1 512 3.66 1.84 1.84
1 1 500 200 4 1 4.71 2.89 2.89
1 1 500 200 4 16 3.32 1.47 1.47
1 1 500 200 4 64 3.18 1.41 1.41
1 1 500 200 4 128 3.26 1.4 1.4
1 1 500 200 4 256 4.35 2.63 2.63
1 1 500 200 4 512 8.02 6.18 6.18
1 1 500 200 16 1 4.46 2.6 2.6
1 1 500 200 16 16 3.32 1.47 1.47
1 1 500 200 16 64 4.18 2.43 2.43
1 1 500 200 16 128 6.2 4.43 4.43
1 1 500 200 16 256 11.16 9.41 9.41
1 1 500 200 16 512 25.4 23.64 23.64
1 1 500 200 32 1 4.37 2.57 2.57
1 1 500 200 32 16 3.37 1.53 1.53
1 1 500 200 32 64 6.42 4.52 4.52
1 1 500 200 32 128 10.29 8.48 8.48
1 1 500 200 32 256 20.28 18.49 18.49
1 1 500 200 32 512 48.76 46.89 46.89
1 1 500 200 64 1 4.48 2.59 2.59
1 1 500 200 64 16 4.54 2.65 2.65
1 1 500 200 64 64 10.46 8.63 8.63
1 1 500 200 64 128 18.44 16.58 16.58
1 1 500 200 64 256 38.41 36.61 36.61
1 1 500 200 64 512 95.24 93.41 93.41
1 1 500 200 128 1 4.48 2.69 2.69
1 1 500 200 128 16 6.72 4.94 4.94
1 1 500 200 128 64 18.86 16.91 16.91
1 1 500 200 128 128 34.51 32.78 32.78
1 1 500 200 128 256 74.77 72.91 72.91
1 1 500 200 128 512 188.25 186.47 186.47
1 1 400 200 1 1 4.93 3.2 3.2
1 1 400 200 1 16 3.11 1.3 1.3
1 1 400 200 1 64 3.12 1.29 1.29
1 1 400 200 1 128 3.18 1.4 1.4
1 1 400 200 1 256 3.19 1.46 1.46
1 1 400 200 1 512 3.62 1.79 1.79
1 1 400 200 4 1 4.2 2.41 2.41
1 1 400 200 4 16 3.16 1.31 1.31
1 1 400 200 4 64 3.25 1.4 1.4
1 1 400 200 4 128 3.2 1.4 1.4
1 1 400 200 4 256 4.43 2.64 2.64
1 1 400 200 4 512 7.82 6.01 6.01
1 1 400 200 16 1 3.87 2.13 2.13
1 1 400 200 16 16 3.19 1.48 1.48
1 1 400 200 16 64 4.29 2.44 2.44
1 1 400 200 16 128 6.26 4.42 4.42
1 1 400 200 16 256 11.34 9.42 9.42
1 1 400 200 16 512 24.76 22.9 22.9
1 1 400 200 32 1 3.98 2.17 2.17
1 1 400 200 32 16 3.41 1.53 1.53
1 1 400 200 32 64 6.31 4.52 4.52
1 1 400 200 32 128 10.19 8.49 8.49
1 1 400 200 32 256 20.26 18.43 18.43
1 1 400 200 32 512 47.1 45.39 45.39
1 1 400 200 64 1 4.18 2.34 2.34
1 1 400 200 64 16 4.47 2.66 2.66
1 1 400 200 64 64 10.44 8.63 8.63
1 1 400 200 64 128 18.37 16.58 16.58
1 1 400 200 64 256 38.38 36.43 36.43
1 1 400 200 64 512 92.21 90.39 90.39
1 1 400 200 128 1 4.47 2.68 2.68
1 1 400 200 128 16 6.71 4.93 4.93
1 1 400 200 128 64 18.71 16.91 16.91
1 1 400 200 128 128 34.57 32.76 32.76
1 1 400 200 128 256 74.4 72.5 72.5
1 1 400 200 128 512 182.27 180.42 180.42
1 1 300 200 1 1 4.34 2.5 2.5
1 1 300 200 1 16 2.85 1.07 1.07
1 1 300 200 1 64 2.93 1.03 1.03
1 1 300 200 1 128 3.08 1.14 1.14
1 1 300 200 1 256 3.17 1.43 1.43
1 1 300 200 1 512 3.43 1.6 1.6
1 1 300 200 4 1 3.72 1.91 1.91
1 1 300 200 4 16 2.85 1.06 1.06
1 1 300 200 4 64 3.22 1.39 1.39
1 1 300 200 4 128 3.25 1.4 1.4
1 1 300 200 4 256 4.45 2.64 2.64
1 1 300 200 4 512 7.1 5.3 5.3
1 1 300 200 16 1 3.46 1.71 1.71
1 1 300 200 16 16 3.27 1.47 1.47
1 1 300 200 16 64 4.27 2.44 2.44
1 1 300 200 16 128 6.25 4.43 4.43
1 1 300 200 16 256 11.21 9.41 9.41
1 1 300 200 16 512 21.93 20.07 20.07
1 1 300 200 32 1 3.66 1.77 1.77
1 1 300 200 32 16 3.38 1.53 1.53
1 1 300 200 32 64 6.32 4.51 4.51
1 1 300 200 32 128 10.29 8.47 8.47
1 1 300 200 32 256 20.19 18.41 18.41
1 1 300 200 32 512 41.57 39.74 39.74
1 1 300 200 64 1 3.61 1.81 1.81
1 1 300 200 64 16 4.48 2.67 2.67
1 1 300 200 64 64 10.46 8.64 8.64
1 1 300 200 64 128 18.38 16.57 16.57
1 1 300 200 64 256 38.38 36.45 36.45
1 1 300 200 64 512 80.91 79.07 79.07
1 1 300 200 128 1 4.04 2.16 2.16
1 1 300 200 128 16 6.76 4.93 4.93
1 1 300 200 128 64 18.77 16.91 16.91
1 1 300 200 128 128 34.56 32.77 32.77
1 1 300 200 128 256 74.36 72.48 72.48
1 1 300 200 128 512 159.54 157.75 157.75
1 1 200 200 1 1 3.61 1.77 1.77
1 1 200 200 1 16 2.78 0.85 0.85
1 1 200 200 1 64 2.67 0.89 0.89
1 1 200 200 1 128 2.85 0.88 0.88
1 1 200 200 1 256 2.78 0.94 0.94
1 1 200 200 1 512 3.31 1.49 1.49
1 1 200 200 4 1 3.2 1.4 1.4
1 1 200 200 4 16 2.71 0.91 0.91
1 1 200 200 4 64 2.72 0.89 0.89
1 1 200 200 4 128 3.27 1.39 1.39
1 1 200 200 4 256 4.55 2.62 2.62
1 1 200 200 4 512 6.58 4.78 4.78
1 1 200 200 16 1 3.14 1.3 1.3
1 1 200 200 16 16 2.78 0.94 0.94
1 1 200 200 16 64 4.29 2.44 2.44
1 1 200 200 16 128 6.25 4.43 4.43
1 1 200 200 16 256 10.99 9.15 9.15
1 1 200 200 16 512 19.54 17.73 17.73
1 1 200 200 32 1 3.22 1.37 1.37
1 1 200 200 32 16 3.38 1.52 1.52
1 1 200 200 32 64 6.31 4.51 4.51
1 1 200 200 32 128 10.32 8.46 8.46
1 1 200 200 32 256 19.62 17.79 17.79
1 1 200 200 32 512 36.71 34.81 34.81
1 1 200 200 64 1 3.39 1.55 1.55
1 1 200 200 64 16 4.46 2.65 2.65
1 1 200 200 64 64 10.47 8.64 8.64
1 1 200 200 64 128 18.28 16.56 16.56
1 1 200 200 64 256 36.79 35.04 35.04
1 1 200 200 64 512 70.97 69.14 69.14
1 1 200 200 128 1 3.46 1.61 1.61
1 1 200 200 128 16 6.84 4.94 4.94
1 1 200 200 128 64 18.69 16.89 16.89
1 1 200 200 128 128 34.61 32.76 32.76
1 1 200 200 128 256 71.47 69.55 69.55
1 1 200 200 128 512 139.52 137.61 137.61
1 1 100 200 1 1 2.9 1.07 1.07
1 1 100 200 1 16 2.34 0.63 0.63
1 1 100 200 1 64 2.44 0.63 0.63
1 1 100 200 1 128 2.46 0.63 0.63
1 1 100 200 1 256 2.74 0.88 0.88
1 1 100 200 1 512 3.19 1.38 1.38
1 1 100 200 4 1 2.81 0.88 0.88
1 1 100 200 4 16 2.47 0.65 0.65
1 1 100 200 4 64 2.69 0.89 0.89
1 1 100 200 4 128 3.15 1.39 1.39
1 1 100 200 4 256 4.2 2.38 2.38
1 1 100 200 4 512 6.19 4.39 4.39
1 1 100 200 16 1 2.81 0.9 0.9
1 1 100 200 16 16 2.77 0.94 0.94
1 1 100 200 16 64 4.3 2.43 2.43
1 1 100 200 16 128 6.39 4.46 4.46
1 1 100 200 16 256 10.25 8.43 8.43
1 1 100 200 16 512 18.18 16.39 16.39
1 1 100 200 32 1 2.74 0.96 0.96
1 1 100 200 32 16 3.42 1.51 1.51
1 1 100 200 32 64 6.39 4.51 4.51
1 1 100 200 32 128 10.41 8.53 8.53
1 1 100 200 32 256 18.4 16.48 16.48
1 1 100 200 32 512 34.2 32.38 32.38
1 1 100 200 64 1 2.8 1 1
1 1 100 200 64 16 4.54 2.65 2.65
1 1 100 200 64 64 10.45 8.63 8.63
1 1 100 200 64 128 18.51 16.67 16.67
1 1 100 200 64 256 34.45 32.57 32.57
1 1 100 200 64 512 66.19 64.4 64.4
1 1 100 200 128 1 2.85 1.09 1.09
1 1 100 200 128 16 6.69 4.93 4.93
1 1 100 200 128 64 18.58 16.9 16.9
1 1 100 200 128 128 34.78 32.95 32.95
1 1 100 200 128 256 66.7 64.76 64.76
1 1 100 200 128 512 130.31 128.41 128.41
1 1 90 200 1 1 2.81 1.01 1.01
1 1 90 200 1 16 2.46 0.6 0.6
1 1 90 200 1 64 2.52 0.64 0.64
1 1 90 200 1 128 2.56 0.64 0.64
1 1 90 200 1 256 2.82 0.88 0.88
1 1 90 200 1 512 3.22 1.38 1.38
1 1 90 200 4 1 2.66 0.84 0.84
1 1 90 200 4 16 2.57 0.64 0.64
1 1 90 200 4 64 2.82 0.89 0.89
1 1 90 200 4 128 3.32 1.37 1.37
1 1 90 200 4 256 4.26 2.37 2.37
1 1 90 200 4 512 6.18 4.34 4.34
1 1 90 200 16 1 2.71 0.8 0.8
1 1 90 200 16 16 2.86 0.95 0.95
1 1 90 200 16 64 4.27 2.44 2.44
1 1 90 200 16 128 6.12 4.42 4.42
1 1 90 200 16 256 10.2 8.35 8.35
1 1 90 200 16 512 18.2 16.25 16.25
1 1 90 200 32 1 2.58 0.83 0.83
1 1 90 200 32 16 3.37 1.5 1.5
1 1 90 200 32 64 6.33 4.51 4.51
1 1 90 200 32 128 10.33 8.47 8.47
1 1 90 200 32 256 18.29 16.36 16.36
1 1 90 200 32 512 33.95 32.14 32.14
1 1 90 200 64 1 2.84 1 1
1 1 90 200 64 16 4.6 2.66 2.66
1 1 90 200 64 64 10.54 8.64 8.64
1 1 90 200 64 128 18.4 16.55 16.55
1 1 90 200 64 256 34.1 32.32 32.32
1 1 90 200 64 512 65.83 63.9 63.9
1 1 90 200 128 1 2.94 1.09 1.09
1 1 90 200 128 16 6.81 4.94 4.94
1 1 90 200 128 64 18.78 16.91 16.91
1 1 90 200 128 128 34.51 32.72 32.72
1 1 90 200 128 256 66.14 64.28 64.28
1 1 90 200 128 512 129.33 127.44 127.44
1 1 80 200 1 1 2.72 0.93 0.93
1 1 80 200 1 16 2.42 0.55 0.55
1 1 80 200 1 64 2.57 0.64 0.64
1 1 80 200 1 128 2.58 0.63 0.63
1 1 80 200 1 256 2.72 0.88 0.88
1 1 80 200 1 512 3.29 1.38 1.38
1 1 80 200 4 1 2.7 0.79 0.79
1 1 80 200 4 16 2.53 0.66 0.66
1 1 80 200 4 64 2.69 0.89 0.89
1 1 80 200 4 128 3.28 1.4 1.4
1 1 80 200 4 256 4.21 2.4 2.4
1 1 80 200 4 512 6.17 4.38 4.38
1 1 80 200 16 1 2.65 0.75 0.75
1 1 80 200 16 16 2.69 0.93 0.93
1 1 80 200 16 64 4.34 2.45 2.45
1 1 80 200 16 128 6.37 4.45 4.45
1 1 80 200 16 256 10.25 8.42 8.42
1 1 80 200 16 512 18.17 16.36 16.36
1 1 80 200 32 1 2.77 0.81 0.81
1 1 80 200 32 16 3.44 1.51 1.51
1 1 80 200 32 64 6.24 4.5 4.5
1 1 80 200 32 128 10.45 8.52 8.52
1 1 80 200 32 256 18.28 16.47 16.47
1 1 80 200 32 512 34.33 32.38 32.38
1 1 80 200 64 1 2.81 0.99 0.99
1 1 80 200 64 16 4.51 2.66 2.66
1 1 80 200 64 64 10.6 8.66 8.66
1 1 80 200 64 128 18.37 16.63 16.63
1 1 80 200 64 256 34.47 32.56 32.56
1 1 80 200 64 512 66.11 64.35 64.35
1 1 80 200 128 1 2.85 1.09 1.09
1 1 80 200 128 16 6.86 4.93 4.93
1 1 80 200 128 64 18.78 16.89 16.89
1 1 80 200 128 128 34.75 32.9 32.9
1 1 80 200 128 256 66.65 64.71 64.71
1 1 80 200 128 512 130.22 128.31 128.31
1 1 70 200 1 1 2.73 0.86 0.86
1 1 70 200 1 16 2.48 0.56 0.56
1 1 70 200 1 64 2.57 0.63 0.63
1 1 70 200 1 128 2.5 0.64 0.64
1 1 70 200 1 256 2.85 0.87 0.87
1 1 70 200 1 512 3.25 1.37 1.37
1 1 70 200 4 1 2.62 0.74 0.74
1 1 70 200 4 16 2.56 0.65 0.65
1 1 70 200 4 64 2.8 0.89 0.89
1 1 70 200 4 128 3.26 1.39 1.39
1 1 70 200 4 256 4.31 2.4 2.4
1 1 70 200 4 512 6.27 4.38 4.38
1 1 70 200 16 1 2.6 0.74 0.74
1 1 70 200 16 16 2.88 0.95 0.95
1 1 70 200 16 64 4.29 2.45 2.45
1 1 70 200 16 128 6.38 4.44 4.44
1 1 70 200 16 256 10.3 8.41 8.41
1 1 70 200 16 512 18.24 16.36 16.36
1 1 70 200 32 1 2.61 0.83 0.83
1 1 70 200 32 16 3.29 1.51 1.51
1 1 70 200 32 64 6.34 4.5 4.5
1 1 70 200 32 128 10.32 8.49 8.49
1 1 70 200 32 256 18.27 16.44 16.44
1 1 70 200 32 512 34.22 32.31 32.31
1 1 70 200 64 1 2.94 1.01 1.01
1 1 70 200 64 16 4.57 2.66 2.66
1 1 70 200 64 64 10.56 8.63 8.63
1 1 70 200 64 128 18.44 16.61 16.61
1 1 70 200 64 256 34.38 32.48 32.48
1 1 70 200 64 512 66.08 64.24 64.24
1 1 70 200 128 1 2.86 1.1 1.1
1 1 70 200 128 16 6.87 4.93 4.93
1 1 70 200 128 64 18.66 16.91 16.91
1 1 70 200 128 128 34.64 32.81 32.81
1 1 70 200 128 256 66.4 64.56 64.56
1 1 70 200 128 512 129.92 128.1 128.1
1 1 60 200 1 1 2.64 0.8 0.8
1 1 60 200 1 16 2.24 0.51 0.51
1 1 60 200 1 64 2.36 0.51 0.51
1 1 60 200 1 128 2.58 0.63 0.63
1 1 60 200 1 256 2.83 0.89 0.89
1 1 60 200 1 512 3.16 1.36 1.36
1 1 60 200 4 1 2.54 0.68 0.68
1 1 60 200 4 16 2.41 0.51 0.51
1 1 60 200 4 64 2.73 0.88 0.88
1 1 60 200 4 128 3.22 1.38 1.38
1 1 60 200 4 256 4.11 2.37 2.37
1 1 60 200 4 512 6.15 4.35 4.35
1 1 60 200 16 1 2.48 0.67 0.67
1 1 60 200 16 16 2.8 0.96 0.96
1 1 60 200 16 64 4.32 2.45 2.45
1 1 60 200 16 128 6.27 4.41 4.41
1 1 60 200 16 256 10.15 8.38 8.38
1 1 60 200 16 512 18.06 16.26 16.26
1 1 60 200 32 1 2.47 0.69 0.69
1 1 60 200 32 16 3.38 1.52 1.52
1 1 60 200 32 64 6.37 4.51 4.51
1 1 60 200 32 128 10.37 8.45 8.45
1 1 60 200 32 256 18.2 16.36 16.36
1 1 60 200 32 512 34.09 32.15 32.15
1 1 60 200 64 1 2.6 0.74 0.74
1 1 60 200 64 16 4.45 2.66 2.66
1 1 60 200 64 64 10.48 8.63 8.63
1 1 60 200 64 128 18.48 16.52 16.52
1 1 60 200 64 256 34.23 32.34 32.34
1 1 60 200 64 512 65.6 63.9 63.9
1 1 60 200 128 1 3 1.11 1.11
1 1 60 200 128 16 6.82 4.93 4.93
1 1 60 200 128 64 18.71 16.89 16.89
1 1 60 200 128 128 34.62 32.7 32.7
1 1 60 200 128 256 66.1 64.26 64.26
1 1 60 200 128 512 129.28 127.46 127.46
1 1 50 200 1 1 2.56 0.72 0.72
1 1 50 200 1 16 2.34 0.51 0.51
1 1 50 200 1 64 2.28 0.5 0.5
1 1 50 200 1 128 2.55 0.63 0.63
1 1 50 200 1 256 2.57 0.88 0.88
1 1 50 200 1 512 3.31 1.36 1.36
1 1 50 200 4 1 2.59 0.63 0.63
1 1 50 200 4 16 2.45 0.52 0.52
1 1 50 200 4 64 2.73 0.87 0.87
1 1 50 200 4 128 3.34 1.39 1.39
1 1 50 200 4 256 4.28 2.39 2.39
1 1 50 200 4 512 6.13 4.34 4.34
1 1 50 200 16 1 2.58 0.68 0.68
1 1 50 200 16 16 2.86 0.94 0.94
1 1 50 200 16 64 4.33 2.44 2.44
1 1 50 200 16 128 6.31 4.41 4.41
1 1 50 200 16 256 10.21 8.37 8.37
1 1 50 200 16 512 18.15 16.26 16.26
1 1 50 200 32 1 2.6 0.69 0.69
1 1 50 200 32 16 3.33 1.5 1.5
1 1 50 200 32 64 6.43 4.52 4.52
1 1 50 200 32 128 10.32 8.46 8.46
1 1 50 200 32 256 18.17 16.36 16.36
1 1 50 200 32 512 33.87 32.14 32.14
1 1 50 200 64 1 2.5 0.74 0.74
1 1 50 200 64 16 4.56 2.65 2.65
1 1 50 200 64 64 10.38 8.63 8.63
1 1 50 200 64 128 18.39 16.51 16.51
1 1 50 200 64 256 34.09 32.3 32.3
1 1 50 200 64 512 65.73 63.89 63.89
1 1 50 200 128 1 2.98 1.1 1.1
1 1 50 200 128 16 6.86 4.92 4.92
1 1 50 200 128 64 18.76 16.88 16.88
1 1 50 200 128 128 34.6 32.68 32.68
1 1 50 200 128 256 66.16 64.25 64.25
1 1 50 200 128 512 129.27 127.42 127.42
1 1 40 200 1 1 2.48 0.67 0.67
1 1 40 200 1 16 2.31 0.47 0.47
1 1 40 200 1 64 2.34 0.5 0.5
1 1 40 200 1 128 2.43 0.62 0.62
1 1 40 200 1 256 2.72 0.88 0.88
1 1 40 200 1 512 3.29 1.39 1.39
1 1 40 200 4 1 2.41 0.58 0.58
1 1 40 200 4 16 2.39 0.52 0.52
1 1 40 200 4 64 2.69 0.9 0.9
1 1 40 200 4 128 3.23 1.4 1.4
1 1 40 200 4 256 4.21 2.38 2.38
1 1 40 200 4 512 6.27 4.35 4.35
1 1 40 200 16 1 2.47 0.62 0.62
1 1 40 200 16 16 2.81 0.94 0.94
1 1 40 200 16 64 4.39 2.43 2.43
1 1 40 200 16 128 6.38 4.42 4.42
1 1 40 200 16 256 10.29 8.36 8.36
1 1 40 200 16 512 18.21 16.28 16.28
1 1 40 200 32 1 2.55 0.7 0.7
1 1 40 200 32 16 3.32 1.52 1.52
1 1 40 200 32 64 6.22 4.51 4.51
1 1 40 200 32 128 10.31 8.45 8.45
1 1 40 200 32 256 18.21 16.36 16.36
1 1 40 200 32 512 33.99 32.17 32.17
1 1 40 200 64 1 2.65 0.73 0.73
1 1 40 200 64 16 4.45 2.66 2.66
1 1 40 200 64 64 10.48 8.63 8.63
1 1 40 200 64 128 18.37 16.54 16.54
1 1 40 200 64 256 34.17 32.35 32.35
1 1 40 200 64 512 65.71 63.94 63.94
1 1 40 200 128 1 2.86 1.1 1.1
1 1 40 200 128 16 6.79 4.93 4.93
1 1 40 200 128 64 18.74 16.88 16.88
1 1 40 200 128 128 34.5 32.68 32.68
1 1 40 200 128 256 66.13 64.31 64.31
1 1 40 200 128 512 129.48 127.51 127.51
1 1 30 200 1 1 2.45 0.6 0.6
1 1 30 200 1 16 2.29 0.44 0.44
1 1 30 200 1 64 2.42 0.51 0.51
1 1 30 200 1 128 2.46 0.62 0.62
1 1 30 200 1 256 2.71 0.88 0.88
1 1 30 200 1 512 3.27 1.36 1.36
1 1 30 200 4 1 2.37 0.54 0.54
1 1 30 200 4 16 2.43 0.52 0.52
1 1 30 200 4 64 2.78 0.89 0.89
1 1 30 200 4 128 3.19 1.39 1.39
1 1 30 200 4 256 4.33 2.37 2.37
1 1 30 200 4 512 6.32 4.36 4.36
1 1 30 200 16 1 2.35 0.52 0.52
1 1 30 200 16 16 2.81 0.94 0.94
1 1 30 200 16 64 4.21 2.43 2.43
1 1 30 200 16 128 6.28 4.42 4.42
1 1 30 200 16 256 10.24 8.37 8.37
1 1 30 200 16 512 17.93 16.24 16.24
1 1 30 200 32 1 2.32 0.55 0.55
1 1 30 200 32 16 3.42 1.51 1.51
1 1 30 200 32 64 6.34 4.5 4.5
1 1 30 200 32 128 10.3 8.43 8.43
1 1 30 200 32 256 18.22 16.34 16.34
1 1 30 200 32 512 33.97 32.13 32.13
1 1 30 200 64 1 2.58 0.74 0.74
1 1 30 200 64 16 4.5 2.65 2.65
1 1 30 200 64 64 10.52 8.63 8.63
1 1 30 200 64 128 18.28 16.51 16.51
1 1 30 200 64 256 34.21 32.3 32.3
1 1 30 200 64 512 65.73 63.88 63.88
1 1 30 200 128 1 2.93 1.1 1.1
1 1 30 200 128 16 6.82 4.93 4.93
1 1 30 200 128 64 18.8 16.88 16.88
1 1 30 200 128 128 34.53 32.64 32.64
1 1 30 200 128 256 66.05 64.22 64.22
1 1 30 200 128 512 129.2 127.36 127.36
1 1 20 200 1 1 2.35 0.51 0.51
1 1 20 200 1 16 2.19 0.43 0.43
1 1 20 200 1 64 2.33 0.5 0.5
1 1 20 200 1 128 2.47 0.64 0.64
1 1 20 200 1 256 2.68 0.87 0.87
1 1 20 200 1 512 3.19 1.38 1.38
1 1 20 200 4 1 2.23 0.46 0.46
1 1 20 200 4 16 2.26 0.51 0.51
1 1 20 200 4 64 2.69 0.89 0.89
1 1 20 200 4 128 3.31 1.39 1.39
1 1 20 200 4 256 4.2 2.38 2.38
1 1 20 200 4 512 6.18 4.34 4.34
1 1 20 200 16 1 0.65 0.53 0.53
1 1 20 200 16 16 2.84 0.94 0.94
1 1 20 200 16 64 4.35 2.44 2.44
1 1 20 200 16 128 6.22 4.4 4.4
1 1 20 200 16 256 10.2 8.36 8.36
1 1 20 200 16 512 18.08 16.25 16.25
1 1 20 200 32 1 2.47 0.55 0.55
1 1 20 200 32 16 3.39 1.53 1.53
1 1 20 200 32 64 6.31 4.51 4.51
1 1 20 200 32 128 10.39 8.46 8.46
1 1 20 200 32 256 18.12 16.34 16.34
1 1 20 200 32 512 33.95 32.14 32.14
1 1 20 200 64 1 2.63 0.73 0.73
1 1 20 200 64 16 4.51 2.65 2.65
1 1 20 200 64 64 10.55 8.62 8.62
1 1 20 200 64 128 18.41 16.51 16.51
1 1 20 200 64 256 34.13 32.3 32.3
1 1 20 200 64 512 65.73 63.86 63.86
1 1 20 200 128 1 2.98 1.1 1.1
1 1 20 200 128 16 6.91 4.94 4.94
1 1 20 200 128 64 18.71 16.86 16.86
1 1 20 200 128 128 34.5 32.65 32.65
1 1 20 200 128 256 66.06 64.2 64.2
1 1 20 200 128 512 129.21 127.36 127.36
1 1 10 200 1 1 2.36 0.44 0.44
1 1 10 200 1 16 2.23 0.41 0.41
1 1 10 200 1 64 2.39 0.49 0.49
1 1 10 200 1 128 2.57 0.64 0.64
1 1 10 200 1 256 2.65 0.87 0.87
1 1 10 200 1 512 3.24 1.35 1.35
1 1 10 200 4 1 2.24 0.43 0.43
1 1 10 200 4 16 2.34 0.52 0.52
1 1 10 200 4 64 2.82 0.89 0.89
1 1 10 200 4 128 3.24 1.38 1.38
1 1 10 200 4 256 4.16 2.35 2.35
1 1 10 200 4 512 6.05 4.28 4.28
1 1 10 200 16 1 2.24 0.46 0.46
1 1 10 200 16 16 2.85 0.92 0.92
1 1 10 200 16 64 4.31 2.4 2.4
1 1 10 200 16 128 6.2 4.35 4.35
1 1 10 200 16 256 10.16 8.23 8.23
1 1 10 200 16 512 17.94 15.98 15.98
1 1 10 200 32 1 2.41 0.56 0.56
1 1 10 200 32 16 3.49 1.52 1.52
1 1 10 200 32 64 6.24 4.42 4.42
1 1 10 200 32 128 10.23 8.32 8.32
1 1 10 200 32 256 17.91 16.07 16.07
1 1 10 200 32 512 33.36 31.57 31.57
1 1 10 200 64 1 2.57 0.73 0.73
1 1 10 200 64 16 4.45 2.65 2.65
1 1 10 200 64 64 10.41 8.47 8.47
1 1 10 200 64 128 18.05 16.22 16.22
1 1 10 200 64 256 33.68 31.74 31.74
1 1 10 200 64 512 64.67 62.77 62.77
1 1 10 200 128 1 2.91 1.1 1.1
1 1 10 200 128 16 6.87 4.93 4.93
1 1 10 200 128 64 18.29 16.56 16.56
1 1 10 200 128 128 33.89 32.07 32.07
1 1 10 200 128 256 65.06 63.12 63.12
1 1 10 200 128 512 127.05 125.14 125.14
0x #of reinitializations, #particle, #step,loop time, average time, trms, reset_time
1x max_reinit, nparticle, nstep, blocks, threads, full_exe_elapsed, reset_time_sum, reset_time_sum/max_reinit
1 1 10000 200 1 1 72.75 70.86 70.86
1 1 10000 200 1 16 24.82 23.08 23.08
1 1 10000 200 1 64 22.66 20.87 20.87
1 1 10000 200 1 128 22.34 20.62 20.62
1 1 10000 200 1 256 25.03 23.19 23.19
1 1 10000 200 1 512 31.16 29.41 29.41
1 1 10000 200 4 1 52.64 50.76 50.76
1 1 10000 200 4 16 23.14 21.33 21.33
1 1 10000 200 4 64 22.41 20.67 20.67
1 1 10000 200 4 128 22.36 20.48 20.48
1 1 10000 200 4 256 24.55 22.66 22.66
1 1 10000 200 4 512 31.17 29.44 29.44
1 1 10000 200 16 1 45.39 43.64 43.64
1 1 10000 200 16 16 23.11 21.3 21.3
1 1 10000 200 16 64 22.42 20.61 20.61
1 1 10000 200 16 128 22.16 20.44 20.44
1 1 10000 200 16 256 28.96 27.13 27.13
1 1 10000 200 16 512 48.73 46.94 46.94
1 1 10000 200 32 1 44.24 42.54 42.54
1 1 10000 200 32 16 23.07 21.3 21.3
1 1 10000 200 32 64 22.35 20.66 20.66
1 1 10000 200 32 128 26.27 24.49 24.49
1 1 10000 200 32 256 38.33 36.64 36.64
1 1 10000 200 32 512 48.77 47 47
1 1 10000 200 64 1 44.01 42.23 42.23
1 1 10000 200 64 16 23.15 21.37 21.37
1 1 10000 200 64 64 26.66 24.8 24.8
1 1 10000 200 64 128 34.67 32.83 32.83
1 1 10000 200 64 256 38.61 36.84 36.84
1 1 10000 200 64 512 95.52 93.8 93.8
1 1 10000 200 128 1 44.17 42.35 42.35
1 1 10000 200 128 16 23.36 21.58 21.58
1 1 10000 200 128 64 35.11 33.3 33.3
1 1 10000 200 128 128 34.63 32.86 32.86
1 1 10000 200 128 256 75.02 73.21 73.21
1 1 10000 200 128 512 188.96 187.12 187.12
1 1 50000 200 1 1 353.73 351.87 351.87
1 1 50000 200 1 16 115.66 113.91 113.91
1 1 50000 200 1 64 104.23 102.48 102.48
1 1 50000 200 1 128 102.4 100.62 100.62
1 1 50000 200 1 256 114.37 112.56 112.56
1 1 50000 200 1 512 145.53 143.74 143.74
1 1 50000 200 4 1 253.66 251.87 251.87
1 1 50000 200 4 16 106.58 104.78 104.78
1 1 50000 200 4 64 101.7 99.9 99.9
1 1 50000 200 4 128 100.68 98.87 98.87
1 1 50000 200 4 256 110.66 108.97 108.97
1 1 50000 200 4 512 147.17 145.53 145.53
1 1 50000 200 16 1 218.24 216.54 216.54
1 1 50000 200 16 16 104.58 102.84 102.84
1 1 50000 200 16 64 101.06 99.35 99.35
1 1 50000 200 16 128 102.22 100.52 100.52
1 1 50000 200 16 256 117.49 115.77 115.77
1 1 50000 200 16 512 165.21 163.36 163.36
1 1 50000 200 32 1 212.94 211.15 211.15
1 1 50000 200 32 16 104.26 102.52 102.52
1 1 50000 200 32 64 103.21 101.33 101.33
1 1 50000 200 32 128 106.36 104.62 104.62
1 1 50000 200 32 256 129 127.18 127.18
1 1 50000 200 32 512 188.8 186.92 186.92
1 1 50000 200 64 1 209.85 208.06 208.06
1 1 50000 200 64 16 104.27 102.46 102.46
1 1 50000 200 64 64 107.24 105.48 105.48
1 1 50000 200 64 128 116.1 114.28 114.28
1 1 50000 200 64 256 147.19 145.35 145.35
1 1 50000 200 64 512 189.39 187.58 187.58
1 1 50000 200 128 1 208.93 207.13 207.13
1 1 50000 200 128 16 106.45 104.66 104.66
1 1 50000 200 128 64 118.19 116.3 116.3
1 1 50000 200 128 128 140.12 138.39 138.39
1 1 50000 200 128 256 165.64 163.94 163.94
1 1 50000 200 128 512 319.39 317.68 317.68
1 1 100000 200 1 1 710.07 708.29 708.29
1 1 100000 200 1 16 229.65 227.82 227.82
1 1 100000 200 1 64 206.25 204.47 204.47
1 1 100000 200 1 128 202.5 200.85 200.85
1 1 100000 200 1 256 225.87 224.02 224.02
1 1 100000 200 1 512 289.18 287.33 287.33
1 1 100000 200 4 1 507.84 505.93 505.93
1 1 100000 200 4 16 210.95 209.08 209.08
1 1 100000 200 4 64 200.66 198.88 198.88
1 1 100000 200 4 128 199.11 197.34 197.34
1 1 100000 200 4 256 218.13 216.29 216.29
1 1 100000 200 4 512 287.03 285.2 285.2
1 1 100000 200 16 1 434.97 433.2 433.2
1 1 100000 200 16 16 206.54 204.78 204.78
1 1 100000 200 16 64 200.08 198.33 198.33
1 1 100000 200 16 128 198.39 196.67 196.67
1 1 100000 200 16 256 223.03 221.14 221.14
1 1 100000 200 16 512 305.06 303.18 303.18
1 1 100000 200 32 1 423.63 421.92 421.92
1 1 100000 200 32 16 206.43 204.67 204.67
1 1 100000 200 32 64 199.95 198.22 198.22
1 1 100000 200 32 128 202.46 200.66 200.66
1 1 100000 200 32 256 238.69 236.99 236.99
1 1 100000 200 32 512 328.9 326.98 326.98
1 1 100000 200 64 1 418.03 416.22 416.22
1 1 100000 200 64 16 206.13 204.41 204.41
1 1 100000 200 64 64 204.09 202.31 202.31
1 1 100000 200 64 128 213.81 211.97 211.97
1 1 100000 200 64 256 257.27 255.45 255.45
1 1 100000 200 64 512 375.73 373.99 373.99
1 1 100000 200 128 1 415.13 413.39 413.39
1 1 100000 200 128 16 206.18 204.33 204.33
1 1 100000 200 128 64 217.51 215.69 215.69
1 1 100000 200 128 128 245.77 243.97 243.97
1 1 100000 200 128 256 347.39 345.63 345.63
1 1 100000 200 128 512 506.6 504.79 504.79
