0x #of reinitializations, #particle, #step,loop time, average time, trms, reset_time
1x max_reinit, nparticle, nstep, blocks, threads, full_exe_elapsed, reset_time_sum, reset_time_sum/max_reinit
1 1 5000 200 1 1 37.49 35.66 35.66
1 1 5000 200 1 16 13.53 11.75 11.75
1 1 5000 200 1 64 12.52 10.69 10.69
1 1 5000 200 1 128 12.43 10.63 10.63
1 1 5000 200 1 256 13.6 11.78 11.78
1 1 5000 200 1 512 16.78 14.99 14.99
1 1 5000 200 4 1 27.49 25.59 25.59
1 1 5000 200 4 16 12.79 10.95 10.95
1 1 5000 200 4 64 12.36 10.54 10.54
1 1 5000 200 4 128 12.16 10.43 10.43
1 1 5000 200 4 256 13.41 11.55 11.55
1 1 5000 200 4 512 19.58 17.82 17.82
1 1 5000 200 16 1 23.89 22.08 22.08
1 1 5000 200 16 16 12.64 10.87 10.87
1 1 5000 200 16 64 12.4 10.52 10.52
1 1 5000 200 16 128 14.26 12.45 12.45
1 1 5000 200 16 256 19.98 18.23 18.23
1 1 5000 200 16 512 25.47 23.68 23.68
1 1 5000 200 32 1 23.37 21.55 21.55
1 1 5000 200 32 16 12.74 10.89 10.89
1 1 5000 200 32 64 14.41 12.57 12.57
1 1 5000 200 32 128 18.3 16.48 16.48
1 1 5000 200 32 256 20.37 18.53 18.53
1 1 5000 200 32 512 48.81 46.97 46.97
1 1 5000 200 64 1 23.21 21.44 21.44
1 1 5000 200 64 16 12.73 10.98 10.98
1 1 5000 200 64 64 18.57 16.73 16.73
1 1 5000 200 64 128 18.49 16.63 16.63
1 1 5000 200 64 256 38.49 36.74 36.74
1 1 5000 200 64 512 95.34 93.52 93.52
1 1 5000 200 128 1 23.5 21.67 21.67
1 1 5000 200 128 16 15.07 13.25 13.25
1 1 5000 200 128 64 18.78 16.95 16.95
1 1 5000 200 128 128 34.58 32.86 32.86
1 1 5000 200 128 256 74.92 73.07 73.07
1 1 5000 200 128 512 188.43 186.63 186.63
1 1 4500 200 1 1 33.87 32.09 32.09
1 1 4500 200 1 16 12.57 10.63 10.63
1 1 4500 200 1 64 11.46 9.65 9.65
1 1 4500 200 1 128 11.47 9.62 9.62
1 1 4500 200 1 256 12.56 10.68 10.68
1 1 4500 200 1 512 15.39 13.59 13.59
1 1 4500 200 4 1 24.95 23.05 23.05
1 1 4500 200 4 16 11.66 9.87 9.87
1 1 4500 200 4 64 11.33 9.52 9.52
1 1 4500 200 4 128 11.27 9.44 9.44
1 1 4500 200 4 256 13.31 11.55 11.55
1 1 4500 200 4 512 19.53 17.71 17.71
1 1 4500 200 16 1 21.67 19.9 19.9
1 1 4500 200 16 16 11.61 9.83 9.83
1 1 4500 200 16 64 12.37 10.53 10.53
1 1 4500 200 16 128 14.2 12.43 12.43
1 1 4500 200 16 256 20.07 18.21 18.21
1 1 4500 200 16 512 25.49 23.68 23.68
1 1 4500 200 32 1 21.22 19.41 19.41
1 1 4500 200 32 16 11.77 9.87 9.87
1 1 4500 200 32 64 14.4 12.58 12.58
1 1 4500 200 32 128 18.4 16.48 16.48
1 1 4500 200 32 256 20.28 18.51 18.51
1 1 4500 200 32 512 48.82 46.96 46.96
1 1 4500 200 64 1 21.08 19.34 19.34
1 1 4500 200 64 16 12.74 10.98 10.98
1 1 4500 200 64 64 18.58 16.73 16.73
1 1 4500 200 64 128 18.43 16.63 16.63
1 1 4500 200 64 256 38.5 36.72 36.72
1 1 4500 200 64 512 95.29 93.48 93.48
1 1 4500 200 128 1 21.39 19.56 19.56
1 1 4500 200 128 16 15.06 13.26 13.26
1 1 4500 200 128 64 18.86 16.96 16.96
1 1 4500 200 128 128 34.63 32.86 32.86
1 1 4500 200 128 256 74.97 73.05 73.05
1 1 4500 200 128 512 188.46 186.68 186.68
1 1 4000 200 1 1 30.36 28.56 28.56
1 1 4000 200 1 16 11.25 9.46 9.46
1 1 4000 200 1 64 10.46 8.59 8.59
1 1 4000 200 1 128 10.35 8.58 8.58
1 1 4000 200 1 256 11.32 9.51 9.51
1 1 4000 200 1 512 13.95 12.09 12.09
1 1 4000 200 4 1 22.24 20.52 20.52
1 1 4000 200 4 16 10.52 8.8 8.8
1 1 4000 200 4 64 10.34 8.51 8.51
1 1 4000 200 4 128 10.32 8.43 8.43
1 1 4000 200 4 256 11.12 9.31 9.31
1 1 4000 200 4 512 13.81 12.01 12.01
1 1 4000 200 16 1 19.52 17.69 17.69
1 1 4000 200 16 16 10.53 8.78 8.78
1 1 4000 200 16 64 10.28 8.48 8.48
1 1 4000 200 16 128 10.34 8.44 8.44
1 1 4000 200 16 256 11.32 9.46 9.46
1 1 4000 200 16 512 25.54 23.67 23.67
1 1 4000 200 32 1 19.02 17.23 17.23
1 1 4000 200 32 16 10.58 8.79 8.79
1 1 4000 200 32 64 10.36 8.56 8.56
1 1 4000 200 32 128 10.17 8.49 8.49
1 1 4000 200 32 256 20.29 18.52 18.52
1 1 4000 200 32 512 48.75 46.98 46.98
1 1 4000 200 64 1 19.01 17.2 17.2
1 1 4000 200 64 16 10.74 8.91 8.91
1 1 4000 200 64 64 10.44 8.69 8.69
1 1 4000 200 64 128 18.38 16.63 16.63
1 1 4000 200 64 256 38.46 36.72 36.72
1 1 4000 200 64 512 95.35 93.53 93.53
1 1 4000 200 128 1 19.39 17.45 17.45
1 1 4000 200 128 16 10.87 9.11 9.11
1 1 4000 200 128 64 18.76 16.97 16.97
1 1 4000 200 128 128 34.66 32.85 32.85
1 1 4000 200 128 256 74.89 73.07 73.07
1 1 4000 200 128 512 188.46 186.67 186.67
1 1 3500 200 1 1 26.84 25.04 25.04
1 1 3500 200 1 16 10.12 8.35 8.35
1 1 3500 200 1 64 9.53 7.61 7.61
1 1 3500 200 1 128 9.39 7.59 7.59
1 1 3500 200 1 256 10.35 8.4 8.4
1 1 3500 200 1 512 12.48 10.63 10.63
1 1 3500 200 4 1 19.83 18.03 18.03
1 1 3500 200 4 16 9.61 7.73 7.73
1 1 3500 200 4 64 9.32 7.5 7.5
1 1 3500 200 4 128 9.23 7.43 7.43
1 1 3500 200 4 256 11.16 9.33 9.33
1 1 3500 200 4 512 13.81 12.02 12.02
1 1 3500 200 16 1 17.3 15.56 15.56
1 1 3500 200 16 16 9.59 7.75 7.75
1 1 3500 200 16 64 10.44 8.55 8.55
1 1 3500 200 16 128 10.19 8.48 8.48
1 1 3500 200 16 256 11.3 9.49 9.49
1 1 3500 200 16 512 25.53 23.69 23.69
1 1 3500 200 32 1 17 15.23 15.23
1 1 3500 200 32 16 9.65 7.76 7.76
1 1 3500 200 32 64 10.39 8.56 8.56
1 1 3500 200 32 128 10.26 8.49 8.49
1 1 3500 200 32 256 20.39 18.53 18.53
1 1 3500 200 32 512 48.72 47 47
1 1 3500 200 64 1 16.97 15.07 15.07
1 1 3500 200 64 16 10.69 8.9 8.9
1 1 3500 200 64 64 10.48 8.68 8.68
1 1 3500 200 64 128 18.51 16.61 16.61
1 1 3500 200 64 256 38.52 36.71 36.71
1 1 3500 200 64 512 95.41 93.52 93.52
1 1 3500 200 128 1 17.2 15.36 15.36
1 1 3500 200 128 16 10.94 9.12 9.12
1 1 3500 200 128 64 18.78 16.94 16.94
1 1 3500 200 128 128 34.63 32.82 32.82
1 1 3500 200 128 256 74.77 73.01 73.01
1 1 3500 200 128 512 188.41 186.61 186.61
1 1 3000 200 1 1 23.32 21.55 21.55
1 1 3000 200 1 16 9.04 7.22 7.22
1 1 3000 200 1 64 8.32 6.55 6.55
1 1 3000 200 1 128 8.45 6.57 6.57
1 1 3000 200 1 256 9.09 7.28 7.28
1 1 3000 200 1 512 11.03 9.21 9.21
1 1 3000 200 4 1 17.41 15.57 15.57
1 1 3000 200 4 16 8.51 6.69 6.69
1 1 3000 200 4 64 8.28 6.51 6.51
1 1 3000 200 4 128 8.16 6.43 6.43
1 1 3000 200 4 256 9.01 7.12 7.12
1 1 3000 200 4 512 13.86 12.07 12.07
1 1 3000 200 16 1 15.28 13.48 13.48
1 1 3000 200 16 16 8.51 6.7 6.7
1 1 3000 200 16 64 8.37 6.52 6.52
1 1 3000 200 16 128 10.26 8.45 8.45
1 1 3000 200 16 256 11.38 9.48 9.48
1 1 3000 200 16 512 25.49 23.68 23.68
1 1 3000 200 32 1 14.93 13.12 13.12
1 1 3000 200 32 16 8.57 6.73 6.73
1 1 3000 200 32 64 10.36 8.56 8.56
1 1 3000 200 32 128 10.4 8.52 8.52
1 1 3000 200 32 256 20.42 18.53 18.53
1 1 3000 200 32 512 48.76 46.96 46.96
1 1 3000 200 64 1 14.84 13.02 13.02
1 1 3000 200 64 16 8.63 6.86 6.86
1 1 3000 200 64 64 10.58 8.66 8.66
1 1 3000 200 64 128 18.39 16.6 16.6
1 1 3000 200 64 256 38.56 36.71 36.71
1 1 3000 200 64 512 95.28 93.52 93.52
1 1 3000 200 128 1 15.09 13.25 13.25
1 1 3000 200 128 16 10.97 9.12 9.12
1 1 3000 200 128 64 18.76 16.95 16.95
1 1 3000 200 128 128 34.68 32.85 32.85
1 1 3000 200 128 256 74.87 73.08 73.08
1 1 3000 200 128 512 188.44 186.67 186.67
1 1 2500 200 1 1 19.83 18.02 18.02
1 1 2500 200 1 16 8.03 6.11 6.11
1 1 2500 200 1 64 7.49 5.63 5.63
1 1 2500 200 1 128 7.32 5.51 5.51
1 1 2500 200 1 256 7.88 6.11 6.11
1 1 2500 200 1 512 9.61 7.74 7.74
1 1 2500 200 4 1 14.91 13.05 13.05
1 1 2500 200 4 16 7.58 5.74 5.74
1 1 2500 200 4 64 7.31 5.5 5.5
1 1 2500 200 4 128 7.23 5.44 5.44
1 1 2500 200 4 256 8.95 7.13 7.13
1 1 2500 200 4 512 13.96 12.06 12.06
1 1 2500 200 16 1 13.09 11.28 11.28
1 1 2500 200 16 16 7.43 5.66 5.66
1 1 2500 200 16 64 8.32 6.47 6.47
1 1 2500 200 16 128 10.23 8.44 8.44
1 1 2500 200 16 256 11.36 9.47 9.47
1 1 2500 200 16 512 25.54 23.73 23.73
1 1 2500 200 32 1 12.86 11.06 11.06
1 1 2500 200 32 16 7.45 5.69 5.69
1 1 2500 200 32 64 10.47 8.54 8.54
1 1 2500 200 32 128 10.33 8.49 8.49
1 1 2500 200 32 256 20.46 18.53 18.53
1 1 2500 200 32 512 48.68 46.95 46.95
1 1 2500 200 64 1 12.88 11.07 11.07
1 1 2500 200 64 16 8.64 6.82 6.82
1 1 2500 200 64 64 10.49 8.63 8.63
1 1 2500 200 64 128 18.42 16.59 16.59
1 1 2500 200 64 256 38.48 36.66 36.66
1 1 2500 200 64 512 95.21 93.48 93.48
1 1 2500 200 128 1 12.84 11.14 11.14
1 1 2500 200 128 16 11.09 9.14 9.14
1 1 2500 200 128 64 18.8 16.92 16.92
1 1 2500 200 128 128 34.62 32.83 32.83
1 1 2500 200 128 256 74.83 73.03 73.03
1 1 2500 200 128 512 188.48 186.7 186.7
1 1 2000 200 1 1 16.27 14.54 14.54
1 1 2000 200 1 16 6.76 4.94 4.94
1 1 2000 200 1 64 6.36 4.57 4.57
1 1 2000 200 1 128 6.24 4.49 4.49
1 1 2000 200 1 256 6.81 4.97 4.97
1 1 2000 200 1 512 8.06 6.25 6.25
1 1 2000 200 4 1 12.27 10.47 10.47
1 1 2000 200 4 16 6.46 4.66 4.66
1 1 2000 200 4 64 6.42 4.46 4.46
1 1 2000 200 4 128 6.23 4.41 4.41
1 1 2000 200 4 256 6.65 4.88 4.88
1 1 2000 200 4 512 7.99 6.23 6.23
1 1 2000 200 16 1 10.88 9.05 9.05
1 1 2000 200 16 16 6.38 4.62 4.62
1 1 2000 200 16 64 6.24 4.48 4.48
1 1 2000 200 16 128 6.3 4.46 4.46
1 1 2000 200 16 256 11.31 9.45 9.45
1 1 2000 200 16 512 25.43 23.64 23.64
1 1 2000 200 32 1 10.7 8.89 8.89
1 1 2000 200 32 16 6.58 4.64 4.64
1 1 2000 200 32 64 6.21 4.53 4.53
1 1 2000 200 32 128 10.31 8.51 8.51
1 1 2000 200 32 256 20.34 18.53 18.53
1 1 2000 200 32 512 48.71 46.92 46.92
1 1 2000 200 64 1 10.88 8.98 8.98
1 1 2000 200 64 16 6.59 4.76 4.76
1 1 2000 200 64 64 10.49 8.66 8.66
1 1 2000 200 64 128 18.55 16.71 16.71
1 1 2000 200 64 256 38.49 36.67 36.67
1 1 2000 200 64 512 95.31 93.43 93.43
1 1 2000 200 128 1 10.79 9 9
1 1 2000 200 128 16 6.75 4.95 4.95
1 1 2000 200 128 64 18.73 16.97 16.97
1 1 2000 200 128 128 34.74 32.95 32.95
1 1 2000 200 128 256 74.83 73.09 73.09
1 1 2000 200 128 512 188.32 186.44 186.44
1 1 1500 200 1 1 12.82 10.98 10.98
1 1 1500 200 1 16 5.64 3.79 3.79
1 1 1500 200 1 64 5.36 3.52 3.52
1 1 1500 200 1 128 5.2 3.46 3.46
1 1 1500 200 1 256 5.56 3.8 3.8
1 1 1500 200 1 512 6.58 4.77 4.77
1 1 1500 200 4 1 9.72 7.94 7.94
1 1 1500 200 4 16 5.49 3.6 3.6
1 1 1500 200 4 64 5.19 3.43 3.43
1 1 1500 200 4 128 5.17 3.4 3.4
1 1 1500 200 4 256 6.6 4.86 4.86
1 1 1500 200 4 512 7.94 6.21 6.21
1 1 1500 200 16 1 8.67 6.9 6.9
1 1 1500 200 16 16 5.33 3.57 3.57
1 1 1500 200 16 64 6.3 4.47 4.47
1 1 1500 200 16 128 6.24 4.43 4.43
1 1 1500 200 16 256 11.22 9.43 9.43
1 1 1500 200 16 512 25.35 23.65 23.65
1 1 1500 200 32 1 8.56 6.74 6.74
1 1 1500 200 32 16 5.42 3.6 3.6
1 1 1500 200 32 64 6.33 4.53 4.53
1 1 1500 200 32 128 10.25 8.48 8.48
1 1 1500 200 32 256 20.44 18.52 18.52
1 1 1500 200 32 512 48.8 46.9 46.9
1 1 1500 200 64 1 8.71 6.84 6.84
1 1 1500 200 64 16 6.57 4.74 4.74
1 1 1500 200 64 64 10.42 8.64 8.64
1 1 1500 200 64 128 18.44 16.58 16.58
1 1 1500 200 64 256 38.42 36.68 36.68
1 1 1500 200 64 512 95.32 93.4 93.4
1 1 1500 200 128 1 8.8 6.89 6.89
1 1 1500 200 128 16 6.7 4.95 4.95
1 1 1500 200 128 64 18.67 16.91 16.91
1 1 1500 200 128 128 34.62 32.79 32.79
1 1 1500 200 128 256 74.84 72.99 72.99
1 1 1500 200 128 512 188.25 186.43 186.43
1 1 1400 200 1 1 12.09 10.25 10.25
1 1 1400 200 1 16 5.45 3.58 3.58
1 1 1400 200 1 64 5.07 3.25 3.25
1 1 1400 200 1 128 5.06 3.21 3.21
1 1 1400 200 1 256 5.51 3.73 3.73
1 1 1400 200 1 512 6.42 4.57 4.57
1 1 1400 200 4 1 9.19 7.46 7.46
1 1 1400 200 4 16 5.18 3.33 3.33
1 1 1400 200 4 64 5.2 3.43 3.43
1 1 1400 200 4 128 5.19 3.41 3.41
1 1 1400 200 4 256 6.65 4.88 4.88
1 1 1400 200 4 512 7.97 6.2 6.2
1 1 1400 200 16 1 8.29 6.5 6.5
1 1 1400 200 16 16 5.3 3.57 3.57
1 1 1400 200 16 64 6.23 4.47 4.47
1 1 1400 200 16 128 6.25 4.43 4.43
1 1 1400 200 16 256 11.22 9.43 9.43
1 1 1400 200 16 512 25.5 23.64 23.64
1 1 1400 200 32 1 8.17 6.35 6.35
1 1 1400 200 32 16 5.41 3.6 3.6
1 1 1400 200 32 64 6.28 4.51 4.51
1 1 1400 200 32 128 10.34 8.47 8.47
1 1 1400 200 32 256 20.37 18.52 18.52
1 1 1400 200 32 512 48.8 46.89 46.89
1 1 1400 200 64 1 8.14 6.32 6.32
1 1 1400 200 64 16 6.62 4.74 4.74
1 1 1400 200 64 64 10.55 8.64 8.64
1 1 1400 200 64 128 18.37 16.59 16.59
1 1 1400 200 64 256 38.5 36.68 36.68
1 1 1400 200 64 512 95.26 93.41 93.41
1 1 1400 200 128 1 8.19 6.39 6.39
1 1 1400 200 128 16 6.74 4.95 4.95
1 1 1400 200 128 64 18.69 16.91 16.91
1 1 1400 200 128 128 34.57 32.81 32.81
1 1 1400 200 128 256 74.76 73.07 73.07
1 1 1400 200 128 512 188.22 186.41 186.41
1 1 1300 200 1 1 11.36 9.56 9.56
1 1 1300 200 1 16 5.16 3.36 3.36
1 1 1300 200 1 64 4.81 3.13 3.13
1 1 1300 200 1 128 4.96 3.19 3.19
1 1 1300 200 1 256 5.53 3.72 3.72
1 1 1300 200 1 512 6.28 4.55 4.55
1 1 1300 200 4 1 8.74 6.93 6.93
1 1 1300 200 4 16 5.02 3.2 3.2
1 1 1300 200 4 64 5.18 3.45 3.45
1 1 1300 200 4 128 5.19 3.4 3.4
1 1 1300 200 4 256 6.71 4.87 4.87
1 1 1300 200 4 512 8.04 6.2 6.2
1 1 1300 200 16 1 7.91 6.08 6.08
1 1 1300 200 16 16 5.3 3.57 3.57
1 1 1300 200 16 64 6.36 4.46 4.46
1 1 1300 200 16 128 6.28 4.45 4.45
1 1 1300 200 16 256 11.25 9.45 9.45
1 1 1300 200 16 512 25.48 23.64 23.64
1 1 1300 200 32 1 7.78 5.94 5.94
1 1 1300 200 32 16 5.42 3.6 3.6
1 1 1300 200 32 64 6.35 4.51 4.51
1 1 1300 200 32 128 10.38 8.49 8.49
1 1 1300 200 32 256 20.34 18.52 18.52
1 1 1300 200 32 512 48.77 46.89 46.89
1 1 1300 200 64 1 7.84 6.05 6.05
1 1 1300 200 64 16 6.58 4.75 4.75
1 1 1300 200 64 64 10.46 8.63 8.63
1 1 1300 200 64 128 18.44 16.59 16.59
1 1 1300 200 64 256 38.39 36.64 36.64
1 1 1300 200 64 512 95.29 93.42 93.42
1 1 1300 200 128 1 8.2 6.37 6.37
1 1 1300 200 128 16 6.8 4.95 4.95
1 1 1300 200 128 64 18.74 16.92 16.92
1 1 1300 200 128 128 34.68 32.81 32.81
1 1 1300 200 128 256 74.73 72.87 72.87
1 1 1300 200 128 512 188.19 186.42 186.42
1 1 1200 200 1 1 10.64 8.8 8.8
1 1 1200 200 1 16 4.9 3.08 3.08
1 1 1200 200 1 64 4.69 2.86 2.86
1 1 1200 200 1 128 4.75 2.94 2.94
1 1 1200 200 1 256 5.14 3.22 3.22
1 1 1200 200 1 512 6.29 4.41 4.41
1 1 1200 200 4 1 8.31 6.41 6.41
1 1 1200 200 4 16 4.72 2.92 2.92
1 1 1200 200 4 64 4.74 2.92 2.92
1 1 1200 200 4 128 5.24 3.4 3.4
1 1 1200 200 4 256 6.67 4.85 4.85
1 1 1200 200 4 512 7.99 6.2 6.2
1 1 1200 200 16 1 7.39 5.6 5.6
1 1 1200 200 16 16 4.88 3.03 3.03
1 1 1200 200 16 64 6.27 4.47 4.47
1 1 1200 200 16 128 6.25 4.44 4.44
1 1 1200 200 16 256 11.24 9.44 9.44
1 1 1200 200 16 512 25.47 23.65 23.65
1 1 1200 200 32 1 7.31 5.53 5.53
1 1 1200 200 32 16 5.42 3.6 3.6
1 1 1200 200 32 64 6.3 4.51 4.51
1 1 1200 200 32 128 10.35 8.49 8.49
1 1 1200 200 32 256 20.31 18.52 18.52
1 1 1200 200 32 512 48.62 46.88 46.88
1 1 1200 200 64 1 7.35 5.53 5.53
1 1 1200 200 64 16 6.46 4.75 4.75
1 1 1200 200 64 64 10.43 8.65 8.65
1 1 1200 200 64 128 18.42 16.59 16.59
1 1 1200 200 64 256 38.61 36.7 36.7
1 1 1200 200 64 512 95.16 93.39 93.39
1 1 1200 200 128 1 7.74 5.85 5.85
1 1 1200 200 128 16 6.77 4.95 4.95
1 1 1200 200 128 64 18.68 16.91 16.91
1 1 1200 200 128 128 34.59 32.78 32.78
1 1 1200 200 128 256 74.79 73.03 73.03
1 1 1200 200 128 512 188.2 186.38 186.38
1 1 1100 200 1 1 9.88 8.12 8.12
1 1 1100 200 1 16 4.71 2.87 2.87
1 1 1100 200 1 64 4.5 2.71 2.71
1 1 1100 200 1 128 4.6 2.68 2.68
1 1 1100 200 1 256 4.93 3.16 3.16
1 1 1100 200 1 512 6.15 4.3 4.3
1 1 1100 200 4 1 7.73 5.92 5.92
1 1 1100 200 4 16 4.59 2.78 2.78
1 1 1100 200 4 64 4.66 2.93 2.93
1 1 1100 200 4 128 5.3 3.42 3.42
1 1 1100 200 4 256 6.44 4.64 4.64
1 1 1100 200 4 512 7.99 6.21 6.21
1 1 1100 200 16 1 6.96 5.17 5.17
1 1 1100 200 16 16 4.8 3.03 3.03
1 1 1100 200 16 64 6.23 4.47 4.47
1 1 1100 200 16 128 6.3 4.44 4.44
1 1 1100 200 16 256 11.26 9.45 9.45
1 1 1100 200 16 512 25.44 23.64 23.64
1 1 1100 200 32 1 6.92 5.13 5.13
1 1 1100 200 32 16 5.54 3.61 3.61
1 1 1100 200 32 64 6.29 4.51 4.51
1 1 1100 200 32 128 10.33 8.5 8.5
1 1 1100 200 32 256 20.31 18.52 18.52
1 1 1100 200 32 512 48.7 46.9 46.9
1 1 1100 200 64 1 7.09 5.25 5.25
1 1 1100 200 64 16 6.56 4.74 4.74
1 1 1100 200 64 64 10.52 8.64 8.64
1 1 1100 200 64 128 18.46 16.62 16.62
1 1 1100 200 64 256 38.58 36.62 36.62
1 1 1100 200 64 512 95.3 93.4 93.4
1 1 1100 200 128 1 7.14 5.32 5.32
1 1 1100 200 128 16 6.79 4.94 4.94
1 1 1100 200 128 64 18.6 16.92 16.92
1 1 1100 200 128 128 34.7 32.86 32.86
1 1 1100 200 128 256 74.74 72.92 72.92
1 1 1100 200 128 512 188.18 186.33 186.33
1 1 1000 200 1 1 9.22 7.45 7.45
1 1 1000 200 1 16 4.49 2.68 2.68
1 1 1000 200 1 64 4.27 2.46 2.46
1 1 1000 200 1 128 4.23 2.43 2.43
1 1 1000 200 1 256 4.34 2.65 2.65
1 1 1000 200 1 512 5.16 3.31 3.31
1 1 1000 200 4 1 7.23 5.43 5.43
1 1 1000 200 4 16 4.38 2.53 2.53
1 1 1000 200 4 64 4.26 2.43 2.43
1 1 1000 200 4 128 4.16 2.41 2.41
1 1 1000 200 4 256 4.46 2.64 2.64
1 1 1000 200 4 512 8.01 6.21 6.21
1 1 1000 200 16 1 6.56 4.76 4.76
1 1 1000 200 16 16 4.39 2.52 2.52
1 1 1000 200 16 64 4.22 2.45 2.45
1 1 1000 200 16 128 6.29 4.46 4.46
1 1 1000 200 16 256 11.29 9.44 9.44
1 1 1000 200 16 512 25.4 23.65 23.65
1 1 1000 200 32 1 6.54 4.73 4.73
1 1 1000 200 32 16 4.39 2.56 2.56
1 1 1000 200 32 64 6.25 4.52 4.52
1 1 1000 200 32 128 10.38 8.52 8.52
1 1 1000 200 32 256 20.25 18.49 18.49
1 1 1000 200 32 512 48.67 46.88 46.88
1 1 1000 200 64 1 6.57 4.73 4.73
1 1 1000 200 64 16 4.45 2.66 2.66
1 1 1000 200 64 64 10.45 8.65 8.65
1 1 1000 200 64 128 18.54 16.65 16.65
1 1 1000 200 64 256 38.52 36.62 36.62
1 1 1000 200 64 512 95.24 93.37 93.37
1 1 1000 200 128 1 6.61 4.79 4.79
1 1 1000 200 128 16 6.81 4.96 4.96
1 1 1000 200 128 64 18.83 16.92 16.92
1 1 1000 200 128 128 34.77 32.91 32.91
1 1 1000 200 128 256 74.84 72.97 72.97
1 1 1000 200 128 512 188.29 186.41 186.41
1 1 900 200 1 1 8.53 6.71 6.71
1 1 900 200 1 16 4.3 2.45 2.45
1 1 900 200 1 64 4.16 2.33 2.33
1 1 900 200 1 128 4.32 2.43 2.43
1 1 900 200 1 256 4.43 2.61 2.61
1 1 900 200 1 512 5.09 3.24 3.24
1 1 900 200 4 1 6.8 4.9 4.9
1 1 900 200 4 16 4.21 2.39 2.39
1 1 900 200 4 64 4.32 2.41 2.41
1 1 900 200 4 128 4.06 2.4 2.4
1 1 900 200 4 256 4.5 2.64 2.64
1 1 900 200 4 512 8.04 6.2 6.2
1 1 900 200 16 1 6.12 4.32 4.32
1 1 900 200 16 16 4.29 2.53 2.53
1 1 900 200 16 64 4.3 2.44 2.44
1 1 900 200 16 128 6.22 4.43 4.43
1 1 900 200 16 256 11.25 9.44 9.44
1 1 900 200 16 512 25.51 23.63 23.63
1 1 900 200 32 1 6.13 4.33 4.33
1 1 900 200 32 16 4.42 2.57 2.57
1 1 900 200 32 64 6.39 4.51 4.51
1 1 900 200 32 128 10.29 8.47 8.47
1 1 900 200 32 256 20.34 18.48 18.48
1 1 900 200 32 512 48.76 46.88 46.88
1 1 900 200 64 1 6.23 4.45 4.45
1 1 900 200 64 16 4.47 2.67 2.67
1 1 900 200 64 64 10.48 8.63 8.63
1 1 900 200 64 128 18.41 16.58 16.58
1 1 900 200 64 256 38.36 36.6 36.6
1 1 900 200 64 512 95.21 93.39 93.39
1 1 900 200 128 1 6.63 4.8 4.8
1 1 900 200 128 16 6.81 4.96 4.96
1 1 900 200 128 64 18.72 16.89 16.89
1 1 900 200 128 128 34.59 32.8 32.8
1 1 900 200 128 256 74.72 72.88 72.88
1 1 900 200 128 512 188.24 186.38 186.38
1 1 800 200 1 1 7.75 6.01 6.01
1 1 800 200 1 16 4.07 2.19 2.19
1 1 800 200 1 64 3.86 2.08 2.08
1 1 800 200 1 128 4.01 2.17 2.17
1 1 800 200 1 256 4.45 2.59 2.59
1 1 800 200 1 512 4.9 3.08 3.08
1 1 800 200 4 1 6.19 4.41 4.41
1 1 800 200 4 16 3.9 2.13 2.13
1 1 800 200 4 64 4.24 2.41 2.41
1 1 800 200 4 128 4.18 2.4 2.4
1 1 800 200 4 256 4.51 2.65 2.65
1 1 800 200 4 512 7.92 6.19 6.19
1 1 800 200 16 1 5.69 3.85 3.85
1 1 800 200 16 16 4.31 2.51 2.51
1 1 800 200 16 64 4.17 2.44 2.44
1 1 800 200 16 128 6.24 4.43 4.43
1 1 800 200 16 256 11.39 9.43 9.43
1 1 800 200 16 512 25.47 23.65 23.65
1 1 800 200 32 1 5.57 3.78 3.78
1 1 800 200 32 16 4.4 2.57 2.57
1 1 800 200 32 64 6.32 4.52 4.52
1 1 800 200 32 128 10.27 8.48 8.48
1 1 800 200 32 256 20.22 18.48 18.48
1 1 800 200 32 512 48.74 46.88 46.88
1 1 800 200 64 1 5.76 3.93 3.93
1 1 800 200 64 16 4.45 2.67 2.67
1 1 800 200 64 64 10.37 8.65 8.65
1 1 800 200 64 128 18.39 16.59 16.59
1 1 800 200 64 256 38.4 36.58 36.58
1 1 800 200 64 512 95.2 93.39 93.39
1 1 800 200 128 1 6.05 4.28 4.28
1 1 800 200 128 16 6.81 4.95 4.95
1 1 800 200 128 64 18.67 16.91 16.91
1 1 800 200 128 128 34.71 32.78 32.78
1 1 800 200 128 256 74.66 72.75 72.75
1 1 800 200 128 512 188.26 186.43 186.43
1 1 700 200 1 1 7.17 5.34 5.34
1 1 700 200 1 16 3.75 1.99 1.99
1 1 700 200 1 64 3.65 1.82 1.82
1 1 700 200 1 128 3.75 1.91 1.91
1 1 700 200 1 256 3.89 2.07 2.07
1 1 700 200 1 512 4.83 2.96 2.96
1 1 700 200 4 1 5.69 3.9 3.9
1 1 700 200 4 16 3.6 1.85 1.85
1 1 700 200 4 64 3.74 1.91 1.91
1 1 700 200 4 128 4.25 2.4 2.4
1 1 700 200 4 256 4.43 2.63 2.63
1 1 700 200 4 512 7.92 6.18 6.18
1 1 700 200 16 1 5.25 3.44 3.44
1 1 700 200 16 16 3.88 2 2
1 1 700 200 16 64 4.34 2.45 2.45
1 1 700 200 16 128 6.29 4.44 4.44
1 1 700 200 16 256 11.22 9.41 9.41
1 1 700 200 16 512 25.57 23.64 23.64
1 1 700 200 32 1 5.21 3.39 3.39
1 1 700 200 32 16 4.37 2.57 2.57
1 1 700 200 32 64 6.3 4.51 4.51
1 1 700 200 32 128 10.35 8.49 8.49
1 1 700 200 32 256 20.31 18.48 18.48
1 1 700 200 32 512 48.7 46.89 46.89
1 1 700 200 64 1 5.25 3.41 3.41
1 1 700 200 64 16 4.44 2.65 2.65
1 1 700 200 64 64 10.43 8.65 8.65
1 1 700 200 64 128 18.49 16.59 16.59
1 1 700 200 64 256 38.38 36.61 36.61
1 1 700 200 64 512 95.19 93.4 93.4
1 1 700 200 128 1 5.65 3.76 3.76
1 1 700 200 128 16 6.85 4.94 4.94
1 1 700 200 128 64 18.64 16.94 16.94
1 1 700 200 128 128 34.57 32.79 32.79
1 1 700 200 128 256 74.79 72.97 72.97
1 1 700 200 128 512 188.29 186.4 186.4
1 1 600 200 1 1 6.23 4.6 4.6
1 1 600 200 1 16 3.52 1.77 1.77
1 1 600 200 1 64 3.5 1.68 1.68
1 1 600 200 1 128 3.5 1.67 1.67
1 1 600 200 1 256 3.78 2.02 2.02
1 1 600 200 1 512 4.6 2.84 2.84
1 1 600 200 4 1 5.17 3.41 3.41
1 1 600 200 4 16 3.37 1.71 1.71
1 1 600 200 4 64 3.7 1.91 1.91
1 1 600 200 4 128 4.26 2.39 2.39
1 1 600 200 4 256 4.51 2.64 2.64
1 1 600 200 4 512 7.94 6.2 6.2
1 1 600 200 16 1 4.88 3.03 3.03
1 1 600 200 16 16 3.76 1.99 1.99
1 1 600 200 16 64 4.35 2.45 2.45
1 1 600 200 16 128 6.28 4.44 4.44
1 1 600 200 16 256 11.27 9.43 9.43
1 1 600 200 16 512 25.49 23.65 23.65
1 1 600 200 32 1 4.77 2.98 2.98
1 1 600 200 32 16 4.33 2.56 2.56
1 1 600 200 32 64 6.26 4.51 4.51
1 1 600 200 32 128 10.47 8.49 8.49
1 1 600 200 32 256 20.22 18.45 18.45
1 1 600 200 32 512 48.63 46.89 46.89
1 1 600 200 64 1 4.93 3.14 3.14
1 1 600 200 64 16 4.5 2.66 2.66
1 1 600 200 64 64 10.45 8.62 8.62
1 1 600 200 64 128 18.44 16.55 16.55
1 1 600 200 64 256 38.35 36.55 36.55
1 1 600 200 64 512 95.14 93.36 93.36
1 1 600 200 128 1 4.97 3.22 3.22
1 1 600 200 128 16 6.75 4.93 4.93
1 1 600 200 128 64 18.63 16.92 16.92
1 1 600 200 128 128 34.58 32.79 32.79
1 1 600 200 128 256 74.54 72.74 72.74
1 1 600 200 128 512 188.14 186.37 186.37
1 1 500 200 1 1 5.76 3.89 3.89
1 1 500 200 1 16 3.4 1.54 1.54
1 1 500 200 1 64 3.28 1.42 1.42
1 1 500 200 1 128 3.2 1.39 1.39
1 1 500 200 1 256 3.28 1.52 1.52
1 1 500 200 1 512 3.62 1.82 1.82
1 1 500 200 4 1 4.63 2.89 2.89
1 1 500 200 4 16 3.29 1.46 1.46
1 1 500 200 4 64 3.32 1.39 1.39
1 1 500 200 4 128 3.19 1.39 1.39
1 1 500 200 4 256 4.44 2.63 2.63
1 1 500 200 4 512 8 6.18 6.18
1 1 500 200 16 1 4.39 2.62 2.62
1 1 500 200 16 16 3.18 1.46 1.46
1 1 500 200 16 64 4.34 2.43 2.43
1 1 500 200 16 128 6.3 4.42 4.42
1 1 500 200 16 256 11.23 9.41 9.41
1 1 500 200 16 512 25.43 23.64 23.64
1 1 500 200 32 1 4.31 2.58 2.58
1 1 500 200 32 16 3.3 1.53 1.53
1 1 500 200 32 64 6.44 4.51 4.51
1 1 500 200 32 128 10.32 8.49 8.49
1 1 500 200 32 256 20.31 18.48 18.48
1 1 500 200 32 512 48.71 46.88 46.88
1 1 500 200 64 1 4.44 2.59 2.59
1 1 500 200 64 16 4.45 2.65 2.65
1 1 500 200 64 64 10.46 8.65 8.65
1 1 500 200 64 128 18.36 16.58 16.58
1 1 500 200 64 256 38.5 36.6 36.6
1 1 500 200 64 512 95.25 93.37 93.37
1 1 500 200 128 1 4.44 2.7 2.7
1 1 500 200 128 16 6.76 4.92 4.92
1 1 500 200 128 64 18.7 16.91 16.91
1 1 500 200 128 128 34.58 32.78 32.78
1 1 500 200 128 256 74.78 72.91 72.91
1 1 500 200 128 512 188.37 186.39 186.39
1 1 400 200 1 1 5.12 3.19 3.19
1 1 400 200 1 16 3.11 1.29 1.29
1 1 400 200 1 64 3.08 1.27 1.27
1 1 400 200 1 128 3.19 1.39 1.39
1 1 400 200 1 256 3.28 1.47 1.47
1 1 400 200 1 512 3.7 1.8 1.8
1 1 400 200 4 1 4.25 2.41 2.41
1 1 400 200 4 16 2.98 1.33 1.33
1 1 400 200 4 64 3.32 1.41 1.41
1 1 400 200 4 128 3.27 1.39 1.39
1 1 400 200 4 256 4.45 2.63 2.63
1 1 400 200 4 512 7.88 6 6
1 1 400 200 16 1 3.9 2.12 2.12
1 1 400 200 16 16 3.26 1.47 1.47
1 1 400 200 16 64 4.27 2.45 2.45
1 1 400 200 16 128 6.24 4.44 4.44
1 1 400 200 16 256 11.2 9.4 9.4
1 1 400 200 16 512 24.76 22.88 22.88
1 1 400 200 32 1 4 2.17 2.17
1 1 400 200 32 16 3.36 1.52 1.52
1 1 400 200 32 64 6.31 4.5 4.5
1 1 400 200 32 128 10.26 8.48 8.48
1 1 400 200 32 256 20.24 18.43 18.43
1 1 400 200 32 512 47.23 45.4 45.4
1 1 400 200 64 1 4.15 2.33 2.33
1 1 400 200 64 16 4.46 2.65 2.65
1 1 400 200 64 64 10.57 8.64 8.64
1 1 400 200 64 128 18.38 16.56 16.56
1 1 400 200 64 256 38.27 36.44 36.44
1 1 400 200 64 512 92.17 90.4 90.4
1 1 400 200 128 1 4.47 2.67 2.67
1 1 400 200 128 16 6.76 4.95 4.95
1 1 400 200 128 64 18.65 16.91 16.91
1 1 400 200 128 128 34.56 32.77 32.77
1 1 400 200 128 256 74.23 72.42 72.42
1 1 400 200 128 512 182.21 180.4 180.4
1 1 300 200 1 1 4.27 2.5 2.5
1 1 300 200 1 16 2.86 1.08 1.08
1 1 300 200 1 64 2.99 1.03 1.03
1 1 300 200 1 128 3 1.15 1.15
1 1 300 200 1 256 3.29 1.45 1.45
1 1 300 200 1 512 3.32 1.62 1.62
1 1 300 200 4 1 3.68 1.91 1.91
1 1 300 200 4 16 2.87 1.05 1.05
1 1 300 200 4 64 3.24 1.41 1.41
1 1 300 200 4 128 3.24 1.4 1.4
1 1 300 200 4 256 4.56 2.65 2.65
1 1 300 200 4 512 7.14 5.31 5.31
1 1 300 200 16 1 3.61 1.71 1.71
1 1 300 200 16 16 3.38 1.47 1.47
1 1 300 200 16 64 4.28 2.44 2.44
1 1 300 200 16 128 6.32 4.43 4.43
1 1 300 200 16 256 11.28 9.39 9.39
1 1 300 200 16 512 21.97 20.07 20.07
1 1 300 200 32 1 3.57 1.75 1.75
1 1 300 200 32 16 3.38 1.52 1.52
1 1 300 200 32 64 6.3 4.51 4.51
1 1 300 200 32 128 10.28 8.47 8.47
1 1 300 200 32 256 20.19 18.43 18.43
1 1 300 200 32 512 41.55 39.72 39.72
1 1 300 200 64 1 3.58 1.81 1.81
1 1 300 200 64 16 4.47 2.67 2.67
1 1 300 200 64 64 10.39 8.65 8.65
1 1 300 200 64 128 18.48 16.57 16.57
1 1 300 200 64 256 38.3 36.43 36.43
1 1 300 200 64 512 80.91 79.06 79.06
1 1 300 200 128 1 3.91 2.15 2.15
1 1 300 200 128 16 6.72 4.94 4.94
1 1 300 200 128 64 18.67 16.9 16.9
1 1 300 200 128 128 34.63 32.74 32.74
1 1 300 200 128 256 74.28 72.47 72.47
1 1 300 200 128 512 159.56 157.72 157.72
1 1 200 200 1 1 3.61 1.79 1.79
1 1 200 200 1 16 2.8 0.84 0.84
1 1 200 200 1 64 2.8 0.89 0.89
1 1 200 200 1 128 2.7 0.89 0.89
1 1 200 200 1 256 2.77 0.93 0.93
1 1 200 200 1 512 3.38 1.48 1.48
1 1 200 200 4 1 3.21 1.39 1.39
1 1 200 200 4 16 2.69 0.92 0.92
1 1 200 200 4 64 2.69 0.9 0.9
1 1 200 200 4 128 3.24 1.39 1.39
1 1 200 200 4 256 4.46 2.61 2.61
1 1 200 200 4 512 6.67 4.8 4.8
1 1 200 200 16 1 3.16 1.3 1.3
1 1 200 200 16 16 2.78 0.95 0.95
1 1 200 200 16 64 4.23 2.45 2.45
1 1 200 200 16 128 6.34 4.44 4.44
1 1 200 200 16 256 11.01 9.15 9.15
1 1 200 200 16 512 19.44 17.67 17.67
1 1 200 200 32 1 3.18 1.37 1.37
1 1 200 200 32 16 3.36 1.52 1.52
1 1 200 200 32 64 6.34 4.5 4.5
1 1 200 200 32 128 10.25 8.47 8.47
1 1 200 200 32 256 19.61 17.79 17.79
1 1 200 200 32 512 36.7 34.86 34.86
1 1 200 200 64 1 3.32 1.53 1.53
1 1 200 200 64 16 4.46 2.66 2.66
1 1 200 200 64 64 10.44 8.64 8.64
1 1 200 200 64 128 18.38 16.59 16.59
1 1 200 200 64 256 36.84 35.06 35.06
1 1 200 200 64 512 71.06 69.12 69.12
1 1 200 200 128 1 3.53 1.63 1.63
1 1 200 200 128 16 6.75 4.94 4.94
1 1 200 200 128 64 18.71 16.9 16.9
1 1 200 200 128 128 34.56 32.75 32.75
1 1 200 200 128 256 71.4 69.57 69.57
1 1 200 200 128 512 139.44 137.61 137.61
1 1 100 200 1 1 2.94 1.09 1.09
1 1 100 200 1 16 2.54 0.64 0.64
1 1 100 200 1 64 2.53 0.64 0.64
1 1 100 200 1 128 2.42 0.62 0.62
1 1 100 200 1 256 2.67 0.88 0.88
1 1 100 200 1 512 3.28 1.37 1.37
1 1 100 200 4 1 2.78 0.88 0.88
1 1 100 200 4 16 2.54 0.65 0.65
1 1 100 200 4 64 2.71 0.89 0.89
1 1 100 200 4 128 3.24 1.38 1.38
1 1 100 200 4 256 4.18 2.4 2.4
1 1 100 200 4 512 6.28 4.39 4.39
1 1 100 200 16 1 2.75 0.89 0.89
1 1 100 200 16 16 2.76 0.94 0.94
1 1 100 200 16 64 4.39 2.44 2.44
1 1 100 200 16 128 6.26 4.45 4.45
1 1 100 200 16 256 10.35 8.45 8.45
1 1 100 200 16 512 18.25 16.38 16.38
1 1 100 200 32 1 2.76 0.97 0.97
1 1 100 200 32 16 3.33 1.52 1.52
1 1 100 200 32 64 6.31 4.51 4.51
1 1 100 200 32 128 10.28 8.53 8.53
1 1 100 200 32 256 18.24 16.48 16.48
1 1 100 200 32 512 34.16 32.39 32.39
1 1 100 200 64 1 2.74 1 1
1 1 100 200 64 16 4.46 2.66 2.66
1 1 100 200 64 64 10.45 8.63 8.63
1 1 100 200 64 128 18.46 16.67 16.67
1 1 100 200 64 256 34.39 32.58 32.58
1 1 100 200 64 512 66.32 64.41 64.41
1 1 100 200 128 1 2.89 1.1 1.1
1 1 100 200 128 16 6.77 4.93 4.93
1 1 100 200 128 64 18.75 16.9 16.9
1 1 100 200 128 128 34.62 32.95 32.95
1 1 100 200 128 256 66.44 64.77 64.77
1 1 100 200 128 512 130.15 128.4 128.4
1 1 90 200 1 1 2.73 1.01 1.01
1 1 90 200 1 16 2.41 0.6 0.6
1 1 90 200 1 64 2.51 0.64 0.64
1 1 90 200 1 128 2.33 0.63 0.63
1 1 90 200 1 256 2.65 0.87 0.87
1 1 90 200 1 512 3.09 1.36 1.36
1 1 90 200 4 1 2.63 0.84 0.84
1 1 90 200 4 16 2.52 0.64 0.64
1 1 90 200 4 64 2.77 0.89 0.89
1 1 90 200 4 128 3.27 1.38 1.38
1 1 90 200 4 256 4.17 2.38 2.38
1 1 90 200 4 512 6.14 4.36 4.36
1 1 90 200 16 1 2.65 0.81 0.81
1 1 90 200 16 16 2.83 0.95 0.95
1 1 90 200 16 64 4.3 2.44 2.44
1 1 90 200 16 128 6.26 4.43 4.43
1 1 90 200 16 256 10.21 8.37 8.37
1 1 90 200 16 512 18.1 16.25 16.25
1 1 90 200 32 1 2.65 0.83 0.83
1 1 90 200 32 16 3.32 1.51 1.51
1 1 90 200 32 64 6.26 4.5 4.5
1 1 90 200 32 128 10.3 8.46 8.46
1 1 90 200 32 256 18.19 16.35 16.35
1 1 90 200 32 512 33.98 32.14 32.14
1 1 90 200 64 1 2.77 1 1
1 1 90 200 64 16 4.42 2.65 2.65
1 1 90 200 64 64 10.42 8.63 8.63
1 1 90 200 64 128 18.34 16.56 16.56
1 1 90 200 64 256 34.21 32.33 32.33
1 1 90 200 64 512 65.73 63.89 63.89
1 1 90 200 128 1 2.92 1.09 1.09
1 1 90 200 128 16 6.77 4.92 4.92
1 1 90 200 128 64 18.66 16.9 16.9
1 1 90 200 128 128 34.57 32.7 32.7
1 1 90 200 128 256 66.16 64.28 64.28
1 1 90 200 128 512 129.23 127.44 127.44
1 1 80 200 1 1 2.68 0.93 0.93
1 1 80 200 1 16 2.41 0.56 0.56
1 1 80 200 1 64 2.41 0.63 0.63
1 1 80 200 1 128 2.41 0.64 0.64
1 1 80 200 1 256 2.78 0.89 0.89
1 1 80 200 1 512 3.17 1.38 1.38
1 1 80 200 4 1 2.6 0.79 0.79
1 1 80 200 4 16 2.55 0.66 0.66
1 1 80 200 4 64 2.71 0.89 0.89
1 1 80 200 4 128 3.13 1.4 1.4
1 1 80 200 4 256 4.23 2.39 2.39
1 1 80 200 4 512 6.25 4.37 4.37
1 1 80 200 16 1 2.54 0.74 0.74
1 1 80 200 16 16 2.75 0.94 0.94
1 1 80 200 16 64 4.21 2.44 2.44
1 1 80 200 16 128 6.24 4.45 4.45
1 1 80 200 16 256 10.18 8.42 8.42
1 1 80 200 16 512 18.31 16.38 16.38
1 1 80 200 32 1 2.7 0.83 0.83
1 1 80 200 32 16 3.4 1.52 1.52
1 1 80 200 32 64 6.33 4.5 4.5
1 1 80 200 32 128 10.37 8.52 8.52
1 1 80 200 32 256 18.27 16.46 16.46
1 1 80 200 32 512 34.08 32.37 32.37
1 1 80 200 64 1 2.93 1.02 1.02
1 1 80 200 64 16 4.57 2.73 2.73
1 1 80 200 64 64 10.47 8.64 8.64
1 1 80 200 64 128 18.4 16.62 16.62
1 1 80 200 64 256 34.38 32.54 32.54
1 1 80 200 64 512 66.14 64.34 64.34
1 1 80 200 128 1 2.87 1.1 1.1
1 1 80 200 128 16 6.85 4.93 4.93
1 1 80 200 128 64 18.72 16.9 16.9
1 1 80 200 128 128 34.75 32.88 32.88
1 1 80 200 128 256 66.49 64.69 64.69
1 1 80 200 128 512 130.03 128.28 128.28
1 1 70 200 1 1 2.69 0.87 0.87
1 1 70 200 1 16 2.39 0.55 0.55
1 1 70 200 1 64 2.44 0.64 0.64
1 1 70 200 1 128 2.49 0.64 0.64
1 1 70 200 1 256 2.68 0.88 0.88
1 1 70 200 1 512 3.22 1.39 1.39
1 1 70 200 4 1 2.62 0.74 0.74
1 1 70 200 4 16 2.52 0.65 0.65
1 1 70 200 4 64 2.69 0.88 0.88
1 1 70 200 4 128 3.31 1.38 1.38
1 1 70 200 4 256 4.17 2.39 2.39
1 1 70 200 4 512 6.19 4.37 4.37
1 1 70 200 16 1 2.65 0.74 0.74
1 1 70 200 16 16 2.8 0.95 0.95
1 1 70 200 16 64 4.25 2.44 2.44
1 1 70 200 16 128 6.31 4.44 4.44
1 1 70 200 16 256 10.22 8.42 8.42
1 1 70 200 16 512 18.16 16.35 16.35
1 1 70 200 32 1 2.67 0.83 0.83
1 1 70 200 32 16 3.41 1.53 1.53
1 1 70 200 32 64 6.22 4.49 4.49
1 1 70 200 32 128 10.3 8.49 8.49
1 1 70 200 32 256 18.21 16.43 16.43
1 1 70 200 32 512 34.22 32.31 32.31
1 1 70 200 64 1 2.79 1 1
1 1 70 200 64 16 4.45 2.65 2.65
1 1 70 200 64 64 10.45 8.65 8.65
1 1 70 200 64 128 18.36 16.6 16.6
1 1 70 200 64 256 34.42 32.45 32.45
1 1 70 200 64 512 66.06 64.23 64.23
1 1 70 200 128 1 2.92 1.09 1.09
1 1 70 200 128 16 6.85 4.94 4.94
1 1 70 200 128 64 18.66 16.9 16.9
1 1 70 200 128 128 34.67 32.81 32.81
1 1 70 200 128 256 66.41 64.55 64.55
1 1 70 200 128 512 129.85 128.04 128.04
1 1 60 200 1 1 2.72 0.81 0.81
1 1 60 200 1 16 2.32 0.51 0.51
1 1 60 200 1 64 2.31 0.5 0.5
1 1 60 200 1 128 2.45 0.63 0.63
1 1 60 200 1 256 2.6 0.88 0.88
1 1 60 200 1 512 3.22 1.37 1.37
1 1 60 200 4 1 2.54 0.68 0.68
1 1 60 200 4 16 2.44 0.51 0.51
1 1 60 200 4 64 2.68 0.89 0.89
1 1 60 200 4 128 3.23 1.4 1.4
1 1 60 200 4 256 4.23 2.38 2.38
1 1 60 200 4 512 6.18 4.35 4.35
1 1 60 200 16 1 2.42 0.67 0.67
1 1 60 200 16 16 2.91 0.94 0.94
1 1 60 200 16 64 4.28 2.45 2.45
1 1 60 200 16 128 6.25 4.41 4.41
1 1 60 200 16 256 10.09 8.35 8.35
1 1 60 200 16 512 18.03 16.24 16.24
1 1 60 200 32 1 2.61 0.69 0.69
1 1 60 200 32 16 3.41 1.51 1.51
1 1 60 200 32 64 6.43 4.51 4.51
1 1 60 200 32 128 10.26 8.46 8.46
1 1 60 200 32 256 18.22 16.35 16.35
1 1 60 200 32 512 33.99 32.14 32.14
1 1 60 200 64 1 2.69 0.74 0.74
1 1 60 200 64 16 4.59 2.65 2.65
1 1 60 200 64 64 10.5 8.63 8.63
1 1 60 200 64 128 18.37 16.53 16.53
1 1 60 200 64 256 34.19 32.32 32.32
1 1 60 200 64 512 65.75 63.89 63.89
1 1 60 200 128 1 2.89 1.1 1.1
1 1 60 200 128 16 6.69 4.93 4.93
1 1 60 200 128 64 18.86 16.89 16.89
1 1 60 200 128 128 34.52 32.69 32.69
1 1 60 200 128 256 66.01 64.23 64.23
1 1 60 200 128 512 129.34 127.38 127.38
1 1 50 200 1 1 2.61 0.73 0.73
1 1 50 200 1 16 2.39 0.51 0.51
1 1 50 200 1 64 2.31 0.51 0.51
1 1 50 200 1 128 2.46 0.63 0.63
1 1 50 200 1 256 2.68 0.87 0.87
1 1 50 200 1 512 3.3 1.38 1.38
1 1 50 200 4 1 2.52 0.65 0.65
1 1 50 200 4 16 2.45 0.51 0.51
1 1 50 200 4 64 2.83 0.89 0.89
1 1 50 200 4 128 3.21 1.38 1.38
1 1 50 200 4 256 4.3 2.37 2.37
1 1 50 200 4 512 6.14 4.34 4.34
1 1 50 200 16 1 2.52 0.66 0.66
1 1 50 200 16 16 2.78 0.94 0.94
1 1 50 200 16 64 4.39 2.43 2.43
1 1 50 200 16 128 6.37 4.42 4.42
1 1 50 200 16 256 10.24 8.36 8.36
1 1 50 200 16 512 18.14 16.26 16.26
1 1 50 200 32 1 2.48 0.7 0.7
1 1 50 200 32 16 3.45 1.52 1.52
1 1 50 200 32 64 6.35 4.52 4.52
1 1 50 200 32 128 10.27 8.44 8.44
1 1 50 200 32 256 18.31 16.35 16.35
1 1 50 200 32 512 34.03 32.11 32.11
1 1 50 200 64 1 2.63 0.74 0.74
1 1 50 200 64 16 4.6 2.65 2.65
1 1 50 200 64 64 10.51 8.64 8.64
1 1 50 200 64 128 18.35 16.52 16.52
1 1 50 200 64 256 34.22 32.3 32.3
1 1 50 200 64 512 65.73 63.89 63.89
1 1 50 200 128 1 2.91 1.1 1.1
1 1 50 200 128 16 6.8 4.93 4.93
1 1 50 200 128 64 18.71 16.89 16.89
1 1 50 200 128 128 34.54 32.67 32.67
1 1 50 200 128 256 66.15 64.24 64.24
1 1 50 200 128 512 129.17 127.37 127.37
1 1 40 200 1 1 2.48 0.66 0.66
1 1 40 200 1 16 2.26 0.47 0.47
1 1 40 200 1 64 2.44 0.5 0.5
1 1 40 200 1 128 2.55 0.62 0.62
1 1 40 200 1 256 2.83 0.89 0.89
1 1 40 200 1 512 3.3 1.38 1.38
1 1 40 200 4 1 2.49 0.58 0.58
1 1 40 200 4 16 2.38 0.5 0.5
1 1 40 200 4 64 2.77 0.89 0.89
1 1 40 200 4 128 3.12 1.38 1.38
1 1 40 200 4 256 4.32 2.39 2.39
1 1 40 200 4 512 6.18 4.36 4.36
1 1 40 200 16 1 2.52 0.59 0.59
1 1 40 200 16 16 2.78 0.94 0.94
1 1 40 200 16 64 4.31 2.45 2.45
1 1 40 200 16 128 6.24 4.42 4.42
1 1 40 200 16 256 10.25 8.37 8.37
1 1 40 200 16 512 18.13 16.28 16.28
1 1 40 200 32 1 2.66 0.69 0.69
1 1 40 200 32 16 3.41 1.51 1.51
1 1 40 200 32 64 6.36 4.53 4.53
1 1 40 200 32 128 10.31 8.46 8.46
1 1 40 200 32 256 18.18 16.38 16.38
1 1 40 200 32 512 34.04 32.17 32.17
1 1 40 200 64 1 2.66 0.72 0.72
1 1 40 200 64 16 4.6 2.64 2.64
1 1 40 200 64 64 10.5 8.65 8.65
1 1 40 200 64 128 18.4 16.54 16.54
1 1 40 200 64 256 34.19 32.35 32.35
1 1 40 200 64 512 65.87 63.95 63.95
1 1 40 200 128 1 2.94 1.09 1.09
1 1 40 200 128 16 6.88 4.95 4.95
1 1 40 200 128 64 18.81 16.89 16.89
1 1 40 200 128 128 34.56 32.69 32.69
1 1 40 200 128 256 66.1 64.31 64.31
1 1 40 200 128 512 129.27 127.51 127.51
1 1 30 200 1 1 2.41 0.58 0.58
1 1 30 200 1 16 2.37 0.44 0.44
1 1 30 200 1 64 2.38 0.5 0.5
1 1 30 200 1 128 2.51 0.63 0.63
1 1 30 200 1 256 2.65 0.87 0.87
1 1 30 200 1 512 3.17 1.36 1.36
1 1 30 200 4 1 2.39 0.55 0.55
1 1 30 200 4 16 2.4 0.51 0.51
1 1 30 200 4 64 2.82 0.89 0.89
1 1 30 200 4 128 3.22 1.38 1.38
1 1 30 200 4 256 4.31 2.38 2.38
1 1 30 200 4 512 6.22 4.34 4.34
1 1 30 200 16 1 2.34 0.54 0.54
1 1 30 200 16 16 2.81 0.93 0.93
1 1 30 200 16 64 4.28 2.43 2.43
1 1 30 200 16 128 6.17 4.42 4.42
1 1 30 200 16 256 10.24 8.36 8.36
1 1 30 200 16 512 18.07 16.25 16.25
1 1 30 200 32 1 2.43 0.55 0.55
1 1 30 200 32 16 3.38 1.52 1.52
1 1 30 200 32 64 6.34 4.49 4.49
1 1 30 200 32 128 10.36 8.44 8.44
1 1 30 200 32 256 18.15 16.34 16.34
1 1 30 200 32 512 34.08 32.14 32.14
1 1 30 200 64 1 2.57 0.73 0.73
1 1 30 200 64 16 4.52 2.64 2.64
1 1 30 200 64 64 10.47 8.61 8.61
1 1 30 200 64 128 18.36 16.52 16.52
1 1 30 200 64 256 34.13 32.29 32.29
1 1 30 200 64 512 65.59 63.86 63.86
1 1 30 200 128 1 2.9 1.09 1.09
1 1 30 200 128 16 6.71 4.95 4.95
1 1 30 200 128 64 18.65 16.87 16.87
1 1 30 200 128 128 34.42 32.66 32.66
1 1 30 200 128 256 66.13 64.22 64.22
1 1 30 200 128 512 129.16 127.35 127.35
1 1 20 200 1 1 2.36 0.51 0.51
1 1 20 200 1 16 2.32 0.43 0.43
1 1 20 200 1 64 2.34 0.51 0.51
1 1 20 200 1 128 2.51 0.63 0.63
1 1 20 200 1 256 2.68 0.87 0.87
1 1 20 200 1 512 3.22 1.39 1.39
1 1 20 200 4 1 2.41 0.48 0.48
1 1 20 200 4 16 2.45 0.5 0.5
1 1 20 200 4 64 2.85 0.89 0.89
1 1 20 200 4 128 3.25 1.39 1.39
1 1 20 200 4 256 4.22 2.37 2.37
1 1 20 200 4 512 6.2 4.36 4.36
1 1 20 200 16 1 2.39 0.53 0.53
1 1 20 200 16 16 2.91 0.95 0.95
1 1 20 200 16 64 4.25 2.44 2.44
1 1 20 200 16 128 6.25 4.41 4.41
1 1 20 200 16 256 10.11 8.36 8.36
1 1 20 200 16 512 18.03 16.24 16.24
1 1 20 200 32 1 2.42 0.56 0.56
1 1 20 200 32 16 3.44 1.52 1.52
1 1 20 200 32 64 6.4 4.51 4.51
1 1 20 200 32 128 10.26 8.43 8.43
1 1 20 200 32 256 18.15 16.36 16.36
1 1 20 200 32 512 33.96 32.12 32.12
1 1 20 200 64 1 2.55 0.74 0.74
1 1 20 200 64 16 4.55 2.65 2.65
1 1 20 200 64 64 10.46 8.62 8.62
1 1 20 200 64 128 18.38 16.51 16.51
1 1 20 200 64 256 34.16 32.29 32.29
1 1 20 200 64 512 65.75 63.86 63.86
1 1 20 200 128 1 2.91 1.09 1.09
1 1 20 200 128 16 6.89 4.93 4.93
1 1 20 200 128 64 18.63 16.85 16.85
1 1 20 200 128 128 34.47 32.64 32.64
1 1 20 200 128 256 66.02 64.21 64.21
1 1 20 200 128 512 129.29 127.35 127.35
1 1 10 200 1 1 2.27 0.43 0.43
1 1 10 200 1 16 2.23 0.38 0.38
1 1 10 200 1 64 2.33 0.48 0.48
1 1 10 200 1 128 2.42 0.6 0.6
1 1 10 200 1 256 2.69 0.87 0.87
1 1 10 200 1 512 3.12 1.36 1.36
1 1 10 200 4 1 2.17 0.42 0.42
1 1 10 200 4 16 2.28 0.5 0.5
1 1 10 200 4 64 2.67 0.87 0.87
1 1 10 200 4 128 3.29 1.37 1.37
1 1 10 200 4 256 4.15 2.34 2.34
1 1 10 200 4 512 6.24 4.3 4.3
1 1 10 200 16 1 2.18 0.45 0.45
1 1 10 200 16 16 2.73 0.94 0.94
1 1 10 200 16 64 4.24 2.42 2.42
1 1 10 200 16 128 6.32 4.36 4.36
1 1 10 200 16 256 10.15 8.22 8.22
1 1 10 200 16 512 17.8 15.99 15.99
1 1 10 200 32 1 2.28 0.55 0.55
1 1 10 200 32 16 3.35 1.52 1.52
1 1 10 200 32 64 6.2 4.44 4.44
1 1 10 200 32 128 10.17 8.3 8.3
1 1 10 200 32 256 17.95 16.05 16.05
1 1 10 200 32 512 33.41 31.57 31.57
1 1 10 200 64 1 2.42 0.72 0.72
1 1 10 200 64 16 4.51 2.65 2.65
1 1 10 200 64 64 10.16 8.47 8.47
1 1 10 200 64 128 18.11 16.23 16.23
1 1 10 200 64 256 33.58 31.78 31.78
1 1 10 200 64 512 64.65 62.79 62.79
1 1 10 200 128 1 3.01 1.1 1.1
1 1 10 200 128 16 6.75 4.92 4.92
1 1 10 200 128 64 18.36 16.58 16.58
1 1 10 200 128 128 34.01 32.06 32.06
1 1 10 200 128 256 64.99 63.09 63.09
1 1 10 200 128 512 126.94 125.12 125.12
0x #of reinitializations, #particle, #step,loop time, average time, trms, reset_time
1x max_reinit, nparticle, nstep, blocks, threads, full_exe_elapsed, reset_time_sum, reset_time_sum/max_reinit
1 1 10000 200 1 1 72.63 70.87 70.87
1 1 10000 200 1 16 24.83 23.09 23.09
1 1 10000 200 1 64 22.59 20.87 20.87
1 1 10000 200 1 128 22.42 20.61 20.61
1 1 10000 200 1 256 25.07 23.26 23.26
1 1 10000 200 1 512 31.21 29.42 29.42
1 1 10000 200 4 1 52.52 50.77 50.77
1 1 10000 200 4 16 23.18 21.37 21.37
1 1 10000 200 4 64 22.65 20.74 20.74
1 1 10000 200 4 128 22.37 20.48 20.48
1 1 10000 200 4 256 24.41 22.66 22.66
1 1 10000 200 4 512 31.24 29.44 29.44
1 1 10000 200 16 1 45.53 43.64 43.64
1 1 10000 200 16 16 23.05 21.3 21.3
1 1 10000 200 16 64 22.48 20.63 20.63
1 1 10000 200 16 128 22.37 20.46 20.46
1 1 10000 200 16 256 28.93 27.14 27.14
1 1 10000 200 16 512 48.88 46.95 46.95
1 1 10000 200 32 1 44.43 42.62 42.62
1 1 10000 200 32 16 23.17 21.3 21.3
1 1 10000 200 32 64 22.47 20.66 20.66
1 1 10000 200 32 128 26.41 24.5 24.5
1 1 10000 200 32 256 38.49 36.69 36.69
1 1 10000 200 32 512 48.97 47.08 47.08
1 1 10000 200 64 1 43.97 42.21 42.21
1 1 10000 200 64 16 23.22 21.4 21.4
1 1 10000 200 64 64 26.6 24.83 24.83
1 1 10000 200 64 128 34.72 32.88 32.88
1 1 10000 200 64 256 38.75 36.83 36.83
1 1 10000 200 64 512 95.42 93.62 93.62
1 1 10000 200 128 1 44.05 42.24 42.24
1 1 10000 200 128 16 23.4 21.58 21.58
1 1 10000 200 128 64 35.07 33.33 33.33
1 1 10000 200 128 128 34.73 32.82 32.82
1 1 10000 200 128 256 74.88 73.09 73.09
1 1 10000 200 128 512 188.68 186.88 186.88
1 1 50000 200 1 1 353.61 351.78 351.78
1 1 50000 200 1 16 115.71 113.85 113.85
1 1 50000 200 1 64 104.35 102.46 102.46
1 1 50000 200 1 128 102.48 100.55 100.55
1 1 50000 200 1 256 114.37 112.55 112.55
1 1 50000 200 1 512 145.67 143.74 143.74
1 1 50000 200 4 1 253.59 251.83 251.83
1 1 50000 200 4 16 106.6 104.74 104.74
1 1 50000 200 4 64 101.65 99.88 99.88
1 1 50000 200 4 128 100.59 98.84 98.84
1 1 50000 200 4 256 110.76 108.96 108.96
1 1 50000 200 4 512 147.32 145.52 145.52
1 1 50000 200 16 1 218.42 216.59 216.59
1 1 50000 200 16 16 104.65 102.85 102.85
1 1 50000 200 16 64 101.05 99.32 99.32
1 1 50000 200 16 128 102.33 100.48 100.48
1 1 50000 200 16 256 117.65 115.79 115.79
1 1 50000 200 16 512 165.23 163.34 163.34
1 1 50000 200 32 1 212.69 210.88 210.88
1 1 50000 200 32 16 104.38 102.49 102.49
1 1 50000 200 32 64 103.2 101.27 101.27
1 1 50000 200 32 128 106.58 104.76 104.76
1 1 50000 200 32 256 128.9 127.14 127.14
1 1 50000 200 32 512 188.58 186.75 186.75
1 1 50000 200 64 1 209.92 208.2 208.2
1 1 50000 200 64 16 104.48 102.59 102.59
1 1 50000 200 64 64 107.52 105.69 105.69
1 1 50000 200 64 128 115.98 114.19 114.19
1 1 50000 200 64 256 147.2 145.34 145.34
1 1 50000 200 64 512 189.37 187.5 187.5
1 1 50000 200 128 1 208.74 206.87 206.87
1 1 50000 200 128 16 106.54 104.74 104.74
1 1 50000 200 128 64 118.08 116.23 116.23
1 1 50000 200 128 128 140.22 138.33 138.33
1 1 50000 200 128 256 165.83 163.91 163.91
1 1 50000 200 128 512 319.39 317.59 317.59
1 1 100000 200 1 1 710.22 708.4 708.4
1 1 100000 200 1 16 229.59 227.8 227.8
1 1 100000 200 1 64 206.2 204.45 204.45
1 1 100000 200 1 128 202.53 200.79 200.79
1 1 100000 200 1 256 225.75 223.95 223.95
1 1 100000 200 1 512 289.01 287.21 287.21
1 1 100000 200 4 1 507.65 505.84 505.84
1 1 100000 200 4 16 210.87 209.1 209.1
1 1 100000 200 4 64 200.83 198.92 198.92
1 1 100000 200 4 128 199.06 197.29 197.29
1 1 100000 200 4 256 218.11 216.28 216.28
1 1 100000 200 4 512 287 285.16 285.16
1 1 100000 200 16 1 435.28 433.41 433.41
1 1 100000 200 16 16 206.55 204.74 204.74
1 1 100000 200 16 64 200.06 198.26 198.26
1 1 100000 200 16 128 198.39 196.6 196.6
1 1 100000 200 16 256 223.19 221.26 221.26
1 1 100000 200 16 512 304.9 303.1 303.1
1 1 100000 200 32 1 423.47 421.64 421.64
1 1 100000 200 32 16 206.37 204.54 204.54
1 1 100000 200 32 64 199.77 198.02 198.02
1 1 100000 200 32 128 202.86 201.09 201.09
1 1 100000 200 32 256 238.29 236.45 236.45
1 1 100000 200 32 512 328.69 326.86 326.86
1 1 100000 200 64 1 417.42 415.44 415.44
1 1 100000 200 64 16 206.16 204.29 204.29
1 1 100000 200 64 64 204.01 202.2 202.2
1 1 100000 200 64 128 212.95 211.19 211.19
1 1 100000 200 64 256 257.4 255.55 255.55
1 1 100000 200 64 512 375.49 373.75 373.75
1 1 100000 200 128 1 411.38 409.48 409.48
1 1 100000 200 128 16 204.64 202.72 202.72
1 1 100000 200 128 64 215.11 213.28 213.28
1 1 100000 200 128 128 245 243.12 243.12
1 1 100000 200 128 256 342.66 340.85 340.85
1 1 100000 200 128 512 496.18 494.42 494.42
