float4 10000 0 1 1 0.028877 3.068867
float4 10000 25 1 1 0.751726 71.900987
float4 10000 50 1 1 1.480555 140.735459
float4 10000 75 1 1 2.225690 209.568166
float4 10000 100 1 1 3.026949 278.399727
float4 10000 125 1 1 3.987047 347.229703
float4 10000 150 1 1 4.446809 416.059420
float4 10000 175 1 1 5.202496 484.884195
float4 10000 0 1 16 0.136018 1.053406
float4 10000 25 1 16 3.568577 23.404430
float4 10000 50 1 16 7.495381 45.598624
float4 10000 75 1 16 9.802694 67.792442
float4 10000 100 1 16 13.297271 89.984027
float4 10000 125 1 16 17.565714 112.176625
float4 10000 150 1 16 22.892422 134.369683
float4 10000 175 1 16 25.678814 156.562766
float4 10000 0 1 64 0.143384 0.950621
float4 10000 25 1 64 4.104187 21.107440
float4 10000 50 1 64 10.476299 41.134276
float4 10000 75 1 64 13.230490 61.163479
float4 10000 100 1 64 17.803944 81.194202
float4 10000 125 1 64 18.232077 101.223237
float4 10000 150 1 64 27.958977 121.253259
float4 10000 175 1 64 32.714191 141.284124
float4 10000 0 1 128 0.237099 0.939860
float4 10000 25 1 128 6.747016 20.887414
float4 10000 50 1 128 14.193409 40.670928
float4 10000 75 1 128 18.756777 60.453154
float4 10000 100 1 128 23.382961 80.235047
float4 10000 125 1 128 18.924829 100.018906
float4 10000 150 1 128 21.015661 119.801522
float4 10000 175 1 128 25.025829 139.587174
float4 10000 0 1 256 0.317879 1.059499
float4 10000 25 1 256 10.406649 23.487919
float4 10000 50 1 256 22.031071 45.782434
float4 10000 75 1 256 28.190237 68.073747
float4 10000 100 1 256 28.453127 90.365715
float4 10000 125 1 256 31.720644 112.660172
float4 10000 150 1 256 25.569166 134.957192
float4 10000 175 1 256 26.867773 157.255164
float4 10000 0 1 512 0.598372 1.348431
float4 10000 25 1 512 15.239063 29.870369
float4 10000 50 1 512 32.249676 58.260031
float4 10000 75 1 512 45.654621 86.640922
float4 10000 100 1 512 53.744991 115.020978
float4 10000 125 1 512 58.284588 143.398054
float4 10000 150 1 512 55.035618 171.779988
float4 10000 175 1 512 66.067154 200.163549
float4 10000 0 4 1 0.067404 2.236093
float4 10000 25 4 1 1.755233 51.486961
float4 10000 50 4 1 3.460821 100.709097
float4 10000 75 4 1 5.216584 149.928123
float4 10000 100 4 1 7.191724 199.144058
float4 10000 125 4 1 8.968956 248.359058
float4 10000 150 4 1 10.983352 297.577816
float4 10000 175 4 1 11.817729 346.796183
float4 10000 0 4 16 0.143384 0.972917
float4 10000 25 4 16 4.104187 21.642450
float4 10000 50 4 16 10.476299 42.139306
float4 10000 75 4 16 13.230490 62.639680
float4 10000 100 4 16 17.803944 83.139270
float4 10000 125 4 16 18.232077 103.635539
float4 10000 150 4 16 27.958977 124.129840
float4 10000 175 4 16 32.714191 144.623269
float4 10000 0 4 64 0.314337 0.943377
float4 10000 25 4 64 10.318943 20.978337
float4 10000 50 4 64 21.850838 40.822648
float4 10000 75 4 64 28.013668 60.669386
float4 10000 100 4 64 28.354248 80.517339
float4 10000 125 4 64 31.753822 100.366762
float4 10000 150 4 64 25.623739 120.215770
float4 10000 175 4 64 26.827480 140.065325
float4 10000 0 4 128 0.594811 0.932585
float4 10000 25 4 128 15.147153 20.755700
float4 10000 50 4 128 31.931973 40.400021
float4 10000 75 4 128 45.293167 60.046738
float4 10000 100 4 128 53.150978 79.692791
float4 10000 125 4 128 57.248707 99.339880
float4 10000 150 4 128 53.352730 118.987889
float4 10000 175 4 128 64.949120 138.634986
float4 10000 0 4 256 0.655789 1.033383
float4 10000 25 4 256 17.007795 22.959150
float4 10000 50 4 256 35.133152 44.733417
float4 10000 75 4 256 44.417774 66.508057
float4 10000 100 4 256 69.744850 88.283244
float4 10000 125 4 256 77.565384 110.056394
float4 10000 150 4 256 89.509277 131.829054
float4 10000 175 4 256 117.098999 153.602435
float4 10000 0 4 512 0.480445 1.348726
float4 10000 25 4 512 17.276960 29.874462
float4 10000 50 4 512 26.232815 58.277460
float4 10000 75 4 512 35.631748 86.681125
float4 10000 100 4 512 52.602383 115.082983
float4 10000 125 4 512 58.286083 143.482836
float4 10000 150 4 512 114.329445 171.882850
float4 10000 175 4 512 129.824005 200.283438
float4 10000 0 16 1 0.136018 1.961696
float4 10000 25 16 1 3.568577 44.285331
float4 10000 50 16 1 7.495381 86.542403
float4 10000 75 16 1 9.802694 128.797685
float4 10000 100 16 1 13.297271 171.053782
float4 10000 125 16 1 17.565714 213.317355
float4 10000 150 16 1 22.892422 255.581348
float4 10000 175 16 1 25.678814 297.845642
float4 10000 0 16 16 0.317879 0.973469
float4 10000 25 16 16 10.406649 21.598765
float4 10000 50 16 16 22.031071 42.061106
float4 10000 75 16 16 28.190237 62.524153
float4 10000 100 16 16 28.453127 82.986479
float4 10000 125 16 16 31.720644 103.450606
float4 10000 150 16 16 25.569166 123.913434
float4 10000 175 16 16 26.867773 144.378117
float4 10000 0 16 64 0.644929 0.941369
float4 10000 25 16 64 16.616995 20.901185
float4 10000 50 16 64 33.771923 40.684220
float4 10000 75 16 64 43.208874 60.466112
float4 10000 100 16 64 69.236877 80.246408
float4 10000 125 16 64 78.776733 100.033245
float4 10000 150 16 64 89.464485 119.818773
float4 10000 175 16 64 113.999252 139.604939
float4 10000 0 16 128 0.474819 0.934061
float4 10000 25 16 128 18.178104 20.739108
float4 10000 50 16 128 28.212442 40.363957
float4 10000 75 16 128 35.388226 59.990252
float4 10000 100 16 128 53.306751 79.617864
float4 10000 125 16 128 62.455627 99.243798
float4 10000 150 16 128 110.542656 118.871488
float4 10000 175 16 128 125.615250 138.493870
float4 10000 0 16 256 0.542613 1.241642
float4 10000 25 16 256 18.534393 27.499102
float4 10000 50 16 256 20.674833 53.638583
float4 10000 75 16 256 14.325958 79.776891
float4 10000 100 16 256 50.323326 105.915247
float4 10000 125 16 256 49.425983 132.055444
float4 10000 150 16 256 49.181473 158.195982
float4 10000 175 16 256 92.472588 184.339346
float4 10000 0 16 512 1.020732 2.097759
float4 10000 25 16 512 19.584848 47.630039
float4 10000 50 16 512 32.019154 93.108846
float4 10000 75 16 512 48.887970 138.590271
float4 10000 100 16 512 70.283890 184.066725
float4 10000 125 16 512 99.087708 229.543463
float4 10000 150 16 512 172.969818 275.021206
float4 10000 175 16 512 159.566193 320.501677
float4 10000 0 32 1 0.165062 1.910715
float4 10000 25 32 1 4.307930 43.179213
float4 10000 50 32 1 8.909180 84.373073
float4 10000 75 32 1 11.367173 125.569184
float4 10000 100 32 1 15.835515 166.769548
float4 10000 125 32 1 21.560785 207.964612
float4 10000 150 32 1 30.280073 249.161823
float4 10000 175 32 1 37.154018 290.358026
float4 10000 0 32 16 0.598368 0.973009
float4 10000 25 32 16 15.239059 21.594387
float4 10000 50 32 16 32.249672 42.052773
float4 10000 75 32 16 45.654617 62.508956
float4 10000 100 32 16 53.745007 82.967353
float4 10000 125 32 16 58.284679 103.425463
float4 10000 150 32 16 55.035801 123.880960
float4 10000 175 32 16 66.067230 144.337078
float4 10000 0 32 64 0.464261 0.943542
float4 10000 25 32 64 16.765471 20.924327
float4 10000 50 32 64 26.106197 40.744714
float4 10000 75 32 64 34.131912 60.560986
float4 10000 100 32 64 51.542313 80.381062
float4 10000 125 32 64 61.200359 100.202980
float4 10000 150 32 64 108.638771 120.024082
float4 10000 175 32 64 120.531334 139.846105
float4 10000 0 32 128 0.551510 1.120231
float4 10000 25 32 128 18.500629 24.836422
float4 10000 50 32 128 20.239784 48.413589
float4 10000 75 32 128 14.129110 71.986519
float4 10000 100 32 128 64.732666 95.558919
float4 10000 125 32 128 46.796459 119.132907
float4 10000 150 32 128 44.124866 142.705904
float4 10000 175 32 128 94.004616 166.279860
float4 10000 0 32 256 0.751369 1.652483
float4 10000 25 32 256 13.558628 37.169993
float4 10000 50 32 256 21.449440 72.605560
float4 10000 75 32 256 39.025528 108.045151
float4 10000 100 32 256 54.274086 143.490001
float4 10000 125 32 256 76.005745 178.931219
float4 10000 150 32 256 141.276764 214.367996
float4 10000 175 32 256 119.914825 249.814311
float4 10000 0 32 512 0.213041 2.093383
float4 10000 25 32 512 6.757299 47.717295
float4 10000 50 32 512 6.829089 93.281457
float4 10000 75 32 512 15.519773 138.834497
float4 10000 100 32 512 7.703278 184.381752
float4 10000 125 32 512 37.155682 229.942959
float4 10000 150 32 512 35.240993 275.491554
float4 10000 175 32 512 47.072906 321.047843
float4 10000 0 64 1 0.143384 1.881545
float4 10000 25 64 1 4.104187 42.836807
float4 10000 50 64 1 10.476299 83.757141
float4 10000 75 64 1 13.230490 124.681263
float4 10000 100 64 1 17.803944 165.631658
float4 10000 125 64 1 18.232077 206.588841
float4 10000 150 64 1 27.958977 247.512285
float4 10000 175 64 1 32.714191 288.421938
float4 10000 0 64 16 0.646776 0.976858
float4 10000 25 64 16 16.789268 21.658335
float4 10000 50 64 16 34.378551 42.192825
float4 10000 75 64 16 43.926380 62.730814
float4 10000 100 64 16 69.810608 83.262642
float4 10000 125 64 16 78.044380 103.798110
float4 10000 150 64 16 89.114052 124.334332
float4 10000 175 64 16 116.654762 144.869804
float4 10000 0 64 64 0.518295 1.135375
float4 10000 25 64 64 17.598223 25.138879
float4 10000 50 64 64 17.691427 49.006668
float4 10000 75 64 64 7.317306 72.867359
float4 10000 100 64 64 55.934082 96.728785
float4 10000 125 64 64 46.315441 120.591012
float4 10000 150 64 64 51.852749 144.456803
float4 10000 175 64 64 89.084473 168.313520
float4 10000 0 64 128 0.740779 1.495878
float4 10000 25 64 128 13.616667 33.308101
float4 10000 50 64 128 22.566015 65.023150
float4 10000 75 64 128 33.870106 96.725653
float4 10000 100 64 128 48.015160 128.433813
float4 10000 125 64 128 67.753075 160.138896
float4 10000 150 64 128 149.300262 191.847519
float4 10000 175 64 128 146.101151 223.554419
float4 10000 0 64 256 0.142582 1.645196
float4 10000 25 64 256 7.111771 37.342957
float4 10000 50 64 256 7.695747 72.969270
float4 10000 75 64 256 8.181030 108.602575
float4 10000 100 64 256 20.909382 144.226423
float4 10000 125 64 256 19.856258 179.844756
float4 10000 150 64 256 35.499619 215.477235
float4 10000 175 64 256 54.229782 251.109571
float4 10000 0 64 512 0.137215 3.954769
float4 10000 25 64 512 3.341558 95.132162
float4 10000 50 64 512 9.316337 186.310609
float4 10000 75 64 512 23.438509 277.487615
float4 10000 100 64 512 25.514343 368.673616
float4 10000 125 64 512 23.349039 459.880055
float4 10000 150 64 512 46.014725 551.063765
float4 10000 175 64 512 50.858402 642.184053
float4 10000 0 128 1 0.237099 1.895987
float4 10000 25 128 1 6.747016 42.873280
float4 10000 50 128 1 14.193409 83.782206
float4 10000 75 128 1 18.756777 124.703526
float4 10000 100 128 1 23.382961 165.634262
float4 10000 125 128 1 18.924829 206.586679
float4 10000 150 128 1 21.015661 247.547795
float4 10000 175 128 1 25.025829 288.504609
float4 10000 0 128 16 0.479048 0.982980
float4 10000 25 128 16 17.156763 21.828012
float4 10000 50 128 16 27.703596 42.558329
float4 10000 75 128 16 33.324558 63.295386
float4 10000 100 128 16 50.886436 84.037743
float4 10000 125 128 16 61.758839 104.774369
float4 10000 150 128 16 111.390869 125.506189
float4 10000 175 128 16 124.898300 146.254989
float4 10000 0 128 64 0.764403 1.492092
float4 10000 25 128 64 14.208088 33.788345
float4 10000 50 128 64 24.705925 66.005173
float4 10000 75 128 64 42.490288 98.228874
float4 10000 100 128 64 62.004372 130.437107
float4 10000 125 128 64 84.433739 162.644256
float4 10000 150 128 64 154.387222 194.862788
float4 10000 175 128 64 135.067169 227.074850
float4 10000 0 128 128 0.152113 1.482570
float4 10000 25 128 128 7.070780 33.295964
float4 10000 50 128 128 7.716159 65.032507
float4 10000 75 128 128 8.589748 96.765563
float4 10000 100 128 128 21.315538 128.492561
float4 10000 125 128 128 18.188694 160.211618
float4 10000 150 128 128 33.992832 191.937257
float4 10000 175 128 128 61.686916 223.661111
float4 10000 0 128 256 0.099951 3.146477
float4 10000 25 128 256 2.790854 74.281084
float4 10000 50 128 256 6.987901 145.373836
float4 10000 75 128 256 10.695761 216.483494
float4 10000 100 128 256 13.767238 287.619908
float4 10000 125 128 256 15.157213 358.781218
float4 10000 150 128 256 17.667965 429.915346
float4 10000 175 128 256 18.293720 501.010022
float4 10000 0 128 512 0.144931 7.588324
float4 10000 25 128 512 3.498876 189.829101
float4 10000 50 128 512 9.586534 372.043231
float4 10000 75 128 512 23.652281 554.144971
float4 10000 100 128 512 25.888367 736.189808
float4 10000 125 128 512 23.397861 918.287787
float4 10000 150 128 512 45.876762 1100.311636
float4 10000 175 128 512 51.519348 1282.382226
float4 50000 0 1 1 0.145944 14.044715
float4 50000 25 1 1 3.802362 357.332685
float4 50000 50 1 1 7.515162 700.600751
float4 50000 75 1 1 11.571175 1043.654531
float4 50000 100 1 1 15.266156 1386.745852
float4 50000 125 1 1 19.163147 1729.854154
float4 50000 150 1 1 22.227051 2072.980570
float4 50000 175 1 1 25.914656 2416.049895
float4 50000 0 1 16 0.623874 4.734958
float4 50000 25 1 16 16.469271 115.497251
float4 50000 50 1 16 34.556690 226.271852
float4 50000 75 1 16 52.152809 337.037486
float4 50000 100 1 16 66.083313 447.803998
float4 50000 125 1 16 79.570114 558.557277
float4 50000 150 1 16 97.758987 669.312920
float4 50000 175 1 16 106.282272 780.073460
float4 50000 0 1 64 0.972359 4.298758
float4 50000 25 1 64 23.384510 103.913086
float4 50000 50 1 64 49.801529 203.531521
float4 50000 75 1 64 74.479706 303.144722
float4 50000 100 1 64 91.030693 402.748052
float4 50000 125 1 64 99.876038 502.342656
float4 50000 150 1 64 127.685699 601.964767
float4 50000 175 1 64 142.766220 701.578785
float4 50000 0 1 128 1.060422 4.224813
float4 50000 25 1 128 26.803852 102.041865
float4 50000 50 1 128 48.960537 199.836864
float4 50000 75 1 128 65.393814 297.618264
float4 50000 100 1 128 88.613632 395.384349
float4 50000 125 1 128 101.773949 493.170084
float4 50000 150 1 128 123.480515 590.960732
float4 50000 175 1 128 147.477020 688.755690
float4 50000 0 1 256 1.411237 4.701633
float4 50000 25 1 256 39.214092 114.141597
float4 50000 50 1 256 70.228607 223.592269
float4 50000 75 1 256 101.619675 333.049581
float4 50000 100 1 256 133.915115 442.501060
float4 50000 125 1 256 167.815399 551.965240
float4 50000 150 1 256 185.375229 661.414468
float4 50000 175 1 256 212.183746 770.869809
float4 50000 0 1 512 2.676121 5.897901
float4 50000 25 1 512 69.233650 145.807389
float4 50000 50 1 512 142.831940 285.728011
float4 50000 75 1 512 214.073181 425.656533
float4 50000 100 1 512 278.715332 565.587375
float4 50000 125 1 512 332.758423 705.501885
float4 50000 150 1 512 390.823242 845.438276
float4 50000 175 1 512 482.844330 985.364368
float4 50000 0 4 1 0.335777 10.116372
float4 50000 25 4 1 8.765692 255.525619
float4 50000 50 4 1 17.477940 500.935277
float4 50000 75 4 1 27.641813 746.349427
float4 50000 100 4 1 35.121624 991.762493
float4 50000 125 4 1 42.164345 1237.174680
float4 50000 150 4 1 49.417225 1482.597414
float4 50000 175 4 1 55.264290 1728.020661
float4 50000 0 4 16 0.972359 4.372546
float4 50000 25 4 16 23.384510 106.230768
float4 50000 50 4 16 49.801529 208.103162
float4 50000 75 4 16 74.479706 309.953447
float4 50000 100 4 16 91.030693 411.793627
float4 50000 125 4 16 99.876038 513.627044
float4 50000 150 4 16 127.685699 615.464794
float4 50000 175 4 16 142.766220 717.298615
float4 50000 0 4 64 1.414210 4.173003
float4 50000 25 4 64 39.305912 101.263090
float4 50000 50 4 64 70.454239 198.354031
float4 50000 75 4 64 102.164818 295.437982
float4 50000 100 4 64 135.517410 392.523499
float4 50000 125 4 64 168.762726 489.606419
float4 50000 150 4 64 185.895126 586.680535
float4 50000 175 4 64 212.417542 683.754518
float4 50000 0 4 128 2.684799 4.148585
float4 50000 25 4 128 69.484070 100.217116
float4 50000 50 4 128 143.479950 196.283063
float4 50000 75 4 128 215.504456 292.353462
float4 50000 100 4 128 279.452179 388.417391
float4 50000 125 4 128 333.239014 484.483146
float4 50000 150 4 128 394.327362 580.544170
float4 50000 175 4 128 487.831421 676.608058
float4 50000 0 4 256 3.894669 4.540538
float4 50000 25 4 256 98.998940 110.498487
float4 50000 50 4 256 202.997894 216.464023
float4 50000 75 4 256 294.294525 322.408575
float4 50000 100 4 256 403.053864 428.367652
float4 50000 125 4 256 487.392334 534.315252
float4 50000 150 4 256 581.018616 640.271000
float4 50000 175 4 256 697.224609 746.223308
float4 50000 0 4 512 1.784438 5.967734
float4 50000 25 4 512 53.504250 147.577125
float4 50000 50 4 512 98.791183 289.183602
float4 50000 75 4 512 118.706551 430.790517
float4 50000 100 4 512 192.486603 572.376591
float4 50000 125 4 512 228.087967 713.971268
float4 50000 150 4 512 172.699493 855.583800
float4 50000 175 4 512 120.828476 997.205402
float4 50000 0 16 1 0.623874 8.713943
float4 50000 25 16 1 16.469271 219.615239
float4 50000 50 16 1 34.556690 430.501979
float4 50000 75 16 1 52.152809 641.377877
float4 50000 100 16 1 66.083313 852.270366
float4 50000 125 16 1 79.570114 1063.166577
float4 50000 150 16 1 97.758987 1274.055326
float4 50000 175 16 1 106.282272 1484.973747
float4 50000 0 16 16 1.411237 4.315422
float4 50000 25 16 16 39.214092 104.319160
float4 50000 50 16 16 70.228607 204.313967
float4 50000 75 16 16 101.619675 304.310447
float4 50000 100 16 16 133.915115 404.280427
float4 50000 125 16 16 167.815399 504.251040
float4 50000 150 16 16 185.375229 604.229087
float4 50000 175 16 16 212.183746 704.193788
float4 50000 0 16 64 3.846327 4.185659
float4 50000 25 16 64 97.635895 100.740549
float4 50000 50 16 64 199.687881 197.299554
float4 50000 75 16 64 289.401337 293.846837
float4 50000 100 16 64 398.542084 390.401825
float4 50000 125 16 64 482.226685 486.958311
float4 50000 150 16 64 578.852173 583.515250
float4 50000 175 16 64 696.878174 680.070133
float4 50000 0 16 128 1.833452 4.197659
float4 50000 25 16 128 56.277893 101.902394
float4 50000 50 16 128 102.631699 199.647024
float4 50000 75 16 128 120.802078 297.388700
float4 50000 100 16 128 187.222061 395.125088
float4 50000 125 16 128 217.487869 492.861435
float4 50000 150 16 128 165.777283 590.608640
float4 50000 175 16 128 123.665459 688.365568
float4 50000 0 16 256 6.408136 4.806891
float4 50000 25 16 256 169.891724 117.381291
float4 50000 50 16 256 298.919525 229.973358
float4 50000 75 16 256 467.018921 342.568839
float4 50000 100 16 256 643.738403 455.167353
float4 50000 125 16 256 785.060181 567.763305
float4 50000 150 16 256 928.627136 680.364368
float4 50000 175 16 256 937.137512 792.957928
float4 50000 0 16 512 7.815007 6.668174
float4 50000 25 16 512 202.430573 165.662310
float4 50000 50 16 512 415.530670 324.658299
float4 50000 75 16 512 592.301086 483.642755
float4 50000 100 16 512 815.907898 642.637981
float4 50000 125 16 512 1076.829956 801.632983
float4 50000 150 16 512 1449.042480 960.624706
float4 50000 175 16 512 1605.906250 1119.617244
float4 50000 0 32 1 0.860263 8.516533
float4 50000 25 32 1 20.899240 214.255155
float4 50000 50 32 1 42.396336 419.904888
float4 50000 75 32 1 64.884232 625.651283
float4 50000 100 32 1 85.052841 831.427313
float4 50000 125 32 1 106.154167 1037.262524
float4 50000 150 32 1 125.671951 1243.049917
float4 50000 175 32 1 138.936874 1448.848367
float4 50000 0 32 16 2.676117 4.296051
float4 50000 25 32 16 69.233650 103.982597
float4 50000 50 32 16 142.831924 203.663005
float4 50000 75 32 16 214.073196 303.349736
float4 50000 100 32 16 278.715454 403.055736
float4 50000 125 32 16 332.757111 502.763726
float4 50000 150 32 16 390.824127 602.476379
float4 50000 175 32 16 482.843872 702.191591
float4 50000 0 32 64 1.881011 4.244243
float4 50000 25 32 64 56.498627 102.751714
float4 50000 50 32 64 102.389023 201.253515
float4 50000 75 32 64 123.164337 299.764124
float4 50000 100 32 64 190.186203 398.300776
float4 50000 125 32 64 223.926758 496.830798
float4 50000 150 32 64 171.286148 595.361231
float4 50000 175 32 64 121.716637 693.879920
float4 50000 0 32 128 6.358550 4.381895
float4 50000 25 32 128 169.207794 106.117338
float4 50000 50 32 128 300.766632 207.855417
float4 50000 75 32 128 467.146698 309.587630
float4 50000 100 32 128 644.376221 411.318369
float4 50000 125 32 128 782.312561 513.027548
float4 50000 150 32 128 934.907715 614.739645
float4 50000 175 32 128 955.356506 716.475459
float4 50000 0 32 256 8.004710 5.274909
float4 50000 25 32 256 198.736298 128.997520
float4 50000 50 32 256 415.880707 252.724518
float4 50000 75 32 256 631.498230 376.455225
float4 50000 100 32 256 824.351013 500.176116
float4 50000 125 32 256 1082.170654 623.903211
float4 50000 150 32 256 1433.019897 747.608855
float4 50000 175 32 256 1603.067627 871.327421
float4 50000 0 32 512 16.853365 7.544095
float4 50000 25 32 512 435.888031 189.577120
float4 50000 50 32 512 870.024658 371.659768
float4 50000 75 32 512 1291.422974 553.733398
float4 50000 100 32 512 1442.182983 735.685195
float4 50000 125 32 512 1440.891602 917.640930
float4 50000 150 32 512 1910.480469 1099.556559
float4 50000 175 32 512 2748.132080 1281.539274
float4 50000 0 64 1 0.972359 8.448843
float4 50000 25 64 1 23.384510 211.428163
float4 50000 50 64 1 49.801529 414.559330
float4 50000 75 64 1 74.479706 617.606389
float4 50000 100 64 1 91.030693 820.348269
float4 50000 125 64 1 99.876038 1023.099009
float4 50000 150 64 1 127.685699 1225.816977
float4 50000 175 64 1 142.766220 1428.579311
float4 50000 0 64 16 3.845206 4.334171
float4 50000 25 64 16 97.614731 103.979514
float4 50000 50 64 16 200.106155 203.601512
float4 50000 75 64 16 290.255676 303.244209
float4 50000 100 64 16 399.829498 402.922670
float4 50000 125 64 16 483.693390 502.605680
float4 50000 150 64 16 580.105774 602.268762
float4 50000 175 64 16 698.616882 701.940150
float4 50000 0 64 64 6.356161 4.424401
float4 50000 25 64 64 168.897339 107.035232
float4 50000 50 64 64 299.575378 209.647709
float4 50000 75 64 64 464.286865 312.242574
float4 50000 100 64 64 642.098999 414.814391
float4 50000 125 64 64 774.442139 517.367676
float4 50000 150 64 64 929.209717 619.941906
float4 50000 175 64 64 955.368774 722.492131
float4 50000 0 64 128 8.001323 4.724145
float4 50000 25 64 128 207.328964 115.407845
float4 50000 50 64 128 424.424652 226.083333
float4 50000 75 64 128 616.076416 336.754417
float4 50000 100 64 128 824.686951 447.422111
float4 50000 125 64 128 1110.123779 558.088808
float4 50000 150 64 128 1433.385986 668.756011
float4 50000 175 64 128 1612.737549 779.427122
float4 50000 0 64 256 16.458147 5.960786
float4 50000 25 64 256 421.854065 147.432516
float4 50000 50 64 256 868.588684 288.926938
float4 50000 75 64 256 1252.868774 430.431014
float4 50000 100 64 256 1405.919067 571.936853
float4 50000 125 64 256 1412.804932 713.412302
float4 50000 150 64 256 1859.156372 854.886414
float4 50000 175 64 256 2580.142822 996.398640
float4 50000 0 64 512 14.547449 7.602639
float4 50000 25 64 512 399.370667 189.843735
float4 50000 50 64 512 948.595093 372.283168
float4 50000 75 64 512 1364.767334 555.054255
float4 50000 100 64 512 1272.328125 737.800348
float4 50000 125 64 512 1352.270630 920.543649
float4 50000 150 64 512 2420.673828 1103.286548
float4 50000 175 64 512 4917.626953 1286.022401
float4 50000 0 128 1 1.060422 8.368360
float4 50000 25 128 1 26.803852 210.314612
float4 50000 50 128 1 48.960537 411.763350
float4 50000 75 128 1 65.393814 613.453953
float4 50000 100 128 1 88.613632 815.152743
float4 50000 125 128 1 101.773949 1016.834578
float4 50000 150 128 1 123.480515 1218.621469
float4 50000 175 128 1 147.477020 1420.458984
float4 50000 0 128 16 1.919416 4.398630
float4 50000 25 128 16 57.782185 106.177036
float4 50000 50 128 16 103.528023 207.963716
float4 50000 75 128 16 124.566124 309.708467
float4 50000 100 128 16 192.828186 411.466329
float4 50000 125 128 16 226.798386 513.203731
float4 50000 150 128 16 173.214828 614.941175
float4 50000 175 128 16 124.058929 716.670996
float4 50000 0 128 64 8.154957 4.804680
float4 50000 25 128 64 207.753342 117.704123
float4 50000 50 128 64 426.152924 230.594550
float4 50000 75 128 64 615.022522 343.469734
float4 50000 100 128 64 832.618286 456.339593
float4 50000 125 128 64 1096.185791 569.209348
float4 50000 150 128 64 1465.434326 682.071005
float4 50000 175 128 64 1645.993286 794.941210
float4 50000 0 128 128 16.542454 5.699931
float4 50000 25 128 128 435.004089 140.370420
float4 50000 50 128 128 872.765442 275.042374
float4 50000 75 128 128 1244.789307 409.708447
float4 50000 100 128 128 1420.423706 544.351876
float4 50000 125 128 128 1457.769653 678.991008
float4 50000 150 128 128 1851.127441 813.633111
float4 50000 175 128 128 2620.555664 948.250995
float4 50000 0 128 256 15.581968 6.674791
float4 50000 25 128 256 421.380035 165.762398
float4 50000 50 128 256 997.763672 325.307737
float4 50000 75 128 256 1384.137207 485.022482
float4 50000 100 128 256 1246.877930 644.733473
float4 50000 125 128 256 1351.371460 804.429808
float4 50000 150 128 256 2451.165527 964.129046
float4 50000 175 128 256 4624.386719 1123.823305
float4 50000 0 128 512 7.415177 12.682691
float4 50000 25 128 512 203.109177 322.346452
float4 50000 50 128 512 273.701843 631.987146
float4 50000 75 128 512 410.651276 941.597898
float4 50000 100 128 512 638.575745 1251.194091
float4 50000 125 128 512 639.417236 1560.798689
float4 50000 150 128 512 1267.391968 1870.401657
float4 50000 175 128 512 2394.231689 2179.966701
float4 100000 0 1 1 0.284997 27.984266
float4 100000 25 1 1 7.347998 719.055847
float4 100000 50 1 1 14.755590 1410.044262
float4 100000 75 1 1 22.743673 2100.910421
float4 100000 100 1 1 31.562857 2791.814455
float4 100000 125 1 1 40.401558 3482.735462
float4 100000 150 1 1 45.600319 4173.668402
float4 100000 175 1 1 52.116287 4864.536409
float4 100000 0 1 16 1.300856 9.191487
float4 100000 25 1 16 33.945423 231.040389
float4 100000 50 1 16 72.013023 452.865794
float4 100000 75 1 16 104.853569 674.701221
float4 100000 100 1 16 139.742844 896.518015
float4 100000 125 1 16 165.914978 1118.370366
float4 100000 150 1 16 200.384277 1340.247436
float4 100000 175 1 16 228.499100 1562.109525
float4 100000 0 1 64 1.842428 8.250813
float4 100000 25 1 64 44.814861 207.356480
float4 100000 50 1 64 94.550552 406.438194
float4 100000 75 1 64 146.802887 605.511353
float4 100000 100 1 64 189.401077 804.589608
float4 100000 125 1 64 213.221664 1003.676607
float4 100000 150 1 64 265.327484 1202.741757
float4 100000 175 1 64 318.080963 1401.821966
float4 100000 0 1 128 1.405713 8.157781
float4 100000 25 1 128 34.904282 203.707808
float4 100000 50 1 128 71.559593 399.262221
float4 100000 75 1 128 107.552391 594.836364
float4 100000 100 1 128 150.530273 790.403067
float4 100000 125 1 128 174.068314 985.958318
float4 100000 150 1 128 208.637344 1181.514895
float4 100000 175 1 128 253.883942 1377.032889
float4 100000 0 1 256 2.038880 9.031238
float4 100000 25 1 256 52.192081 227.124810
float4 100000 50 1 256 104.215431 445.244516
float4 100000 75 1 256 169.042709 663.357411
float4 100000 100 1 256 219.208984 881.473643
float4 100000 125 1 256 279.314728 1099.609324
float4 100000 150 1 256 316.401764 1317.753246
float4 100000 175 1 256 372.588867 1535.891376
float4 100000 0 1 512 4.476215 11.490865
float4 100000 25 1 512 115.526421 291.380438
float4 100000 50 1 512 248.556259 571.254244
float4 100000 75 1 512 389.122284 851.163874
float4 100000 100 1 512 509.829865 1131.108350
float4 100000 125 1 512 601.358215 1411.011814
float4 100000 150 1 512 702.572693 1690.906394
float4 100000 175 1 512 869.182617 1970.806534
float4 100000 0 4 1 0.599795 20.050274
float4 100000 25 4 1 15.480407 513.326508
float4 100000 50 4 1 30.973898 1006.600908
float4 100000 75 4 1 47.861156 1499.890293
float4 100000 100 4 1 64.116791 1993.177727
float4 100000 125 4 1 79.483635 2486.466137
float4 100000 150 4 1 93.384911 2979.746336
float4 100000 175 4 1 108.996262 3473.034834
float4 100000 0 4 16 1.842428 8.438003
float4 100000 25 4 16 44.814861 212.030691
float4 100000 50 4 16 94.550552 415.614813
float4 100000 75 4 16 146.802887 619.225543
float4 100000 100 4 16 189.401077 822.845053
float4 100000 125 4 16 213.221664 1026.482329
float4 100000 150 4 16 265.327484 1230.096776
float4 100000 175 4 16 318.080963 1433.715259
float4 100000 0 4 64 2.037080 8.057204
float4 100000 25 4 64 52.145023 201.710403
float4 100000 50 4 64 104.095886 395.341902
float4 100000 75 4 64 169.035049 588.974731
float4 100000 100 4 64 218.954880 782.610001
float4 100000 125 4 64 278.951416 976.248126
float4 100000 150 4 64 315.845490 1169.886041
float4 100000 175 4 64 371.545624 1363.511428
float4 100000 0 4 128 4.453168 7.971692
float4 100000 25 4 128 114.900970 200.057350
float4 100000 50 4 128 247.051880 392.133995
float4 100000 75 4 128 387.438019 584.216138
float4 100000 100 4 128 511.934418 776.279554
float4 100000 125 4 128 606.539429 968.353655
float4 100000 150 4 128 710.664917 1160.434150
float4 100000 175 4 128 876.529541 1352.508420
float4 100000 0 4 256 6.288449 8.687978
float4 100000 25 4 256 163.530106 219.266236
float4 100000 50 4 256 352.508423 429.850855
float4 100000 75 4 256 517.903564 640.443019
float4 100000 100 4 256 683.056580 851.028161
float4 100000 125 4 256 846.417236 1061.620349
float4 100000 150 4 256 1003.122314 1272.188907
float4 100000 175 4 256 1230.073364 1482.774895
float4 100000 0 4 512 2.959525 11.409348
float4 100000 25 4 512 83.814499 289.225544
float4 100000 50 4 512 172.762192 567.052752
float4 100000 75 4 512 222.139923 844.857683
float4 100000 100 4 512 275.458008 1122.673913
float4 100000 125 4 512 278.152161 1400.482741
float4 100000 150 4 512 251.993927 1678.302889
float4 100000 175 4 512 318.863495 1956.128482
float4 100000 0 16 1 1.300856 17.178204
float4 100000 25 16 1 33.945423 439.457279
float4 100000 50 16 1 72.013023 861.750977
float4 100000 75 16 1 104.853569 1284.022289
float4 100000 100 16 1 139.742844 1706.378162
float4 100000 125 16 1 165.914978 2128.715797
float4 100000 150 16 1 200.384277 2551.058437
float4 100000 175 16 1 228.499100 2973.385550
float4 100000 0 16 16 2.038880 8.291164
float4 100000 25 16 16 52.192081 207.817777
float4 100000 50 16 16 104.215431 407.337764
float4 100000 75 16 16 169.042709 606.794623
float4 100000 100 16 16 219.208984 806.262766
float4 100000 125 16 16 279.314728 1005.710304
float4 100000 150 16 16 316.401764 1205.180483
float4 100000 175 16 16 372.588867 1404.588824
float4 100000 0 16 64 6.232977 8.051988
float4 100000 25 16 64 162.132462 201.053684
float4 100000 50 16 64 348.595520 394.036753
float4 100000 75 16 64 514.789185 587.040248
float4 100000 100 16 64 678.675415 780.068053
float4 100000 125 16 64 840.654663 973.088102
float4 100000 150 16 64 1001.089050 1166.075460
float4 100000 175 16 64 1229.556519 1359.081986
float4 100000 0 16 128 2.972209 7.968310
float4 100000 25 16 128 84.087761 199.397196
float4 100000 50 16 128 173.578918 390.849563
float4 100000 75 16 128 224.556076 582.301889
float4 100000 100 16 128 280.662292 773.714734
float4 100000 125 16 128 271.234009 965.124510
float4 100000 150 16 128 249.292526 1156.548887
float4 100000 175 16 128 323.163757 1347.982118
float4 100000 0 16 256 8.910232 8.896878
float4 100000 25 16 256 246.231430 224.222092
float4 100000 50 16 256 494.063751 439.561931
float4 100000 75 16 256 716.366577 654.905493
float4 100000 100 16 256 998.156799 870.256779
float4 100000 125 16 256 1314.364258 1085.609419
float4 100000 150 16 256 1513.321411 1300.940418
float4 100000 175 16 256 1635.755371 1516.300755
float4 100000 0 16 512 13.121837 12.119950
float4 100000 25 16 512 323.014587 307.458322
float4 100000 50 16 512 704.725891 602.799324
float4 100000 75 16 512 969.123169 898.151870
float4 100000 100 16 512 1260.213013 1193.474837
float4 100000 125 16 512 1602.038208 1488.792205
float4 100000 150 16 512 2117.998047 1784.095188
float4 100000 175 16 512 2394.669678 2079.423948
float4 100000 0 32 1 1.762169 16.749638
float4 100000 25 32 1 44.022110 427.800991
float4 100000 50 32 1 89.014481 839.040573
float4 100000 75 32 1 131.808716 1250.385376
float4 100000 100 32 1 177.859741 1661.869232
float4 100000 125 32 1 214.361755 2073.460003
float4 100000 150 32 1 254.179749 2484.982473
float4 100000 175 32 1 292.827454 2896.670755
float4 100000 0 32 16 4.476211 8.259378
float4 100000 25 32 16 115.526421 207.553105
float4 100000 50 32 16 248.556229 406.791428
float4 100000 75 32 16 389.122314 606.044549
float4 100000 100 32 16 509.830261 805.287561
float4 100000 125 32 16 601.357300 1004.511106
float4 100000 150 32 16 702.571533 1203.740960
float4 100000 175 32 16 869.177246 1402.935149
float4 100000 0 32 64 2.935529 8.037280
float4 100000 25 32 64 82.973862 200.978201
float4 100000 50 32 64 170.905441 393.855618
float4 100000 75 32 64 226.836182 586.778949
float4 100000 100 32 64 273.719696 779.711464
float4 100000 125 32 64 271.856293 972.610927
float4 100000 150 32 64 248.422638 1165.522914
float4 100000 175 32 64 312.437836 1358.431825
float4 100000 0 32 128 8.838384 8.115497
float4 100000 25 32 128 244.245255 203.521745
float4 100000 50 32 128 487.457733 398.918032
float4 100000 75 32 128 715.528015 594.306346
float4 100000 100 32 128 994.603821 789.755984
float4 100000 125 32 128 1297.602417 985.177730
float4 100000 150 32 128 1546.877075 1180.595484
float4 100000 175 32 128 1652.881226 1376.022897
float4 100000 0 32 256 13.004770 9.513165
float4 100000 25 32 256 328.135437 240.387432
float4 100000 50 32 256 710.790222 471.246502
float4 100000 75 32 256 957.119385 702.193903
float4 100000 100 32 256 1281.195923 933.123003
float4 100000 125 32 256 1623.847778 1164.028439
float4 100000 150 32 256 2115.947021 1394.888547
float4 100000 175 32 256 2389.158936 1625.651871
float4 100000 0 32 512 23.356531 13.034299
float4 100000 25 32 512 593.126831 331.524121
float4 100000 50 32 512 1293.110840 650.027059
float4 100000 75 32 512 1692.050659 968.362132
float4 100000 100 32 512 2395.206299 1286.888455
float4 100000 125 32 512 2346.877686 1605.471742
float4 100000 150 32 512 3158.522705 1924.055381
float4 100000 175 32 512 4764.845215 2242.546360
float4 100000 0 64 1 1.842428 16.488701
float4 100000 25 64 1 44.814861 421.824051
float4 100000 50 64 1 94.550552 827.430334
float4 100000 75 64 1 146.802887 1232.966465
float4 100000 100 64 1 189.401077 1638.523909
float4 100000 125 64 1 213.221664 2044.445957
float4 100000 150 64 1 265.327484 2450.399355
float4 100000 175 64 1 318.080963 2856.286341
float4 100000 0 64 16 6.229855 8.265550
float4 100000 25 64 16 162.030365 207.185117
float4 100000 50 64 16 348.367004 406.113873
float4 100000 75 64 16 514.789551 605.065749
float4 100000 100 64 16 678.621643 804.056126
float4 100000 125 64 16 840.075073 1003.018049
float4 100000 150 64 16 999.466187 1201.992323
float4 100000 175 64 16 1226.014648 1400.938436
float4 100000 0 64 64 8.883130 8.175281
float4 100000 25 64 64 245.407120 205.103568
float4 100000 50 64 64 491.039673 401.985799
float4 100000 75 64 64 716.683289 598.872834
float4 100000 100 64 64 997.398071 795.754089
float4 100000 125 64 64 1311.059326 992.652898
float4 100000 150 64 64 1541.185913 1189.550178
float4 100000 175 64 64 1673.670044 1386.451651
float4 100000 0 64 128 12.772495 8.543145
float4 100000 25 64 128 318.549652 214.842259
float4 100000 50 64 128 703.556824 421.158932
float4 100000 75 64 128 954.256165 627.381577
float4 100000 100 64 128 1281.489624 833.587671
float4 100000 125 64 128 1630.618530 1039.732147
float4 100000 150 64 128 2098.009521 1245.931000
float4 100000 175 64 128 2367.112061 1452.118792
float4 100000 0 64 256 22.855288 10.248359
float4 100000 25 64 256 579.164246 258.998631
float4 100000 50 64 256 1295.510132 507.756291
float4 100000 75 64 256 1740.544434 756.435603
float4 100000 100 64 256 2412.704590 1005.216245
float4 100000 125 64 256 2348.403564 1253.953995
float4 100000 150 64 256 3236.906006 1502.631306
float4 100000 175 64 256 4867.422363 1751.401316
float4 100000 0 64 512 11.670133 14.861322
float4 100000 25 64 512 273.733398 378.666063
float4 100000 50 64 512 947.202881 742.399610
float4 100000 75 64 512 1697.195312 1107.281219
float4 100000 100 64 512 1544.859497 1472.412773
float4 100000 125 64 512 1158.607056 1837.500299
float4 100000 150 64 512 1623.501587 2202.636991
float4 100000 175 64 512 6064.688477 2567.744212
float4 100000 0 128 1 1.405713 16.436932
float4 100000 25 128 1 34.904282 419.584166
float4 100000 50 128 1 71.559593 822.229124
float4 100000 75 128 1 107.552391 1225.055056
float4 100000 100 128 1 150.530273 1628.048302
float4 100000 125 128 1 174.068314 2031.179649
float4 100000 150 128 1 208.637344 2434.412115
float4 100000 175 128 1 253.883942 2837.626326
float4 100000 0 128 16 2.948431 8.248047
float4 100000 25 128 16 83.668152 207.226089
float4 100000 50 128 16 172.591125 406.144548
float4 100000 75 128 16 223.087250 605.104278
float4 100000 100 128 16 272.761780 804.084754
float4 100000 125 128 16 271.305206 1003.008210
float4 100000 150 128 16 250.737762 1201.924094
float4 100000 175 128 16 322.726105 1400.836865
float4 100000 0 128 64 13.062381 8.701668
float4 100000 25 128 64 328.184418 218.848364
float4 100000 50 128 64 702.264099 428.934032
float4 100000 75 128 64 943.782410 638.945375
float4 100000 100 128 64 1271.763062 848.940766
float4 100000 125 128 64 1632.208130 1058.992306
float4 100000 150 128 64 2125.341064 1269.008484
float4 100000 175 128 64 2427.923828 1478.966237
float4 100000 0 128 128 23.056704 9.798985
float4 100000 25 128 128 589.551941 247.431108
float4 100000 50 128 128 1299.597534 485.041130
float4 100000 75 128 128 1719.225098 722.594645
float4 100000 100 128 128 2442.010254 960.171678
float4 100000 125 128 128 2434.840576 1197.741737
float4 100000 150 128 128 3213.021240 1435.289483
float4 100000 175 128 128 4817.127930 1672.827916
float4 100000 0 128 256 12.787322 13.731334
float4 100000 25 128 256 302.531799 349.454690
float4 100000 50 128 256 997.572510 686.232119
float4 100000 75 128 256 1757.907959 1023.398646
float4 100000 100 128 256 1625.197632 1360.526622
float4 100000 125 128 256 1120.478638 1697.670648
float4 100000 150 128 256 1692.870239 2034.794861
float4 100000 175 128 256 5984.110352 2371.930192
float4 100000 0 128 512 24.501930 19.970747
float4 100000 25 128 512 675.629761 512.231743
float4 100000 50 128 512 1436.639404 1004.384932
float4 100000 75 128 512 1367.607910 1496.517593
float4 100000 100 128 512 1965.323120 1988.686483
float4 100000 125 128 512 2322.159668 2480.798265
float4 100000 150 128 512 7516.922852 2972.819410
float4 100000 175 128 512 2169.329834 3464.951880
