0x #of reinitializations, #particle, #step,loop time, average time, trms, reset_time
1x max_reinit, nparticle, nstep, blocks, threads, full_exe_elapsed, reset_time_sum, reset_time_sum/max_reinit
1 1 4 10 1 1 2.14 0.29 0.29 0
1 1 4 10 1 16 2.09 0.29 0.29 0
1 1 4 10 1 64 2 0.3 0.3 0
1 1 4 10 1 128 2.1 0.32 0.32 0
1 1 4 10 1 256 2.17 0.35 0.35 0
1 1 4 10 1 512 2.21 0.41 0.41 0
1 1 4 10 4 1 2.1 0.28 0.28 0
1 1 4 10 4 16 2.13 0.28 0.28 0
1 1 4 10 4 64 2.18 0.36 0.36 0
1 1 4 10 4 128 2.24 0.43 0.43 0
1 1 4 10 4 256 2.35 0.53 0.53 0
1 1 4 10 4 512 2.58 0.77 0.77 0
1 1 4 10 16 1 2.15 0.29 0.29 0
1 1 4 10 16 16 2.17 0.34 0.34 0
1 1 4 10 16 64 2.34 0.54 0.54 0
1 1 4 10 16 128 2.6 0.76 0.76 0
1 1 4 10 16 256 2.92 1.19 1.19 0
1 1 4 10 16 512 3.86 2.06 2.06 0
1 1 4 10 32 1 2.12 0.32 0.32 0
1 1 4 10 32 16 2.13 0.42 0.42 0
1 1 4 10 32 64 2.55 0.77 0.77 0
1 1 4 10 32 128 3.02 1.2 1.2 0
1 1 4 10 32 256 3.88 2.06 2.06 0
1 1 4 10 32 512 5.49 3.76 3.76 0
1 1 4 10 64 1 2.1 0.31 0.31 0
1 1 4 10 64 16 2.37 0.55 0.55 0
1 1 4 10 64 64 2.99 1.2 1.2 0
1 1 4 10 64 128 3.89 2.06 2.06 0
1 1 4 10 64 256 5.53 3.77 3.77 0
1 1 4 10 64 512 9 7.2 7.2 0
1 1 4 10 128 1 2.11 0.34 0.34 0
1 1 4 10 128 16 2.56 0.79 0.79 0
1 1 4 10 128 64 3.85 2.07 2.07 0
1 1 4 10 128 128 5.47 3.75 3.75 0
1 1 4 10 128 256 8.96 7.21 7.21 0
1 1 4 10 128 512 15.81 14.08 14.08 0
1 1 128 10 1 1 1.87 0.32 0.32 0
1 1 128 10 1 16 1.94 0.27 0.27 0
1 1 128 10 1 64 1.98 0.28 0.28 0
1 1 128 10 1 128 1.98 0.3 0.3 0
1 1 128 10 1 256 1.84 0.32 0.32 0
1 1 128 10 1 512 2.11 0.41 0.41 0
1 1 128 10 4 1 2.16 0.35 0.35 0
1 1 128 10 4 16 2.07 0.31 0.31 0
1 1 128 10 4 64 2.17 0.35 0.35 0
1 1 128 10 4 128 2.37 0.42 0.42 0
1 1 128 10 4 256 2.22 0.53 0.53 0
1 1 128 10 4 512 2.31 0.72 0.72 0
1 1 128 10 16 1 2.03 0.33 0.33 0
1 1 128 10 16 16 1.96 0.32 0.32 0
1 1 128 10 16 64 2.03 0.51 0.51 0
1 1 128 10 16 128 2.08 0.72 0.72 0
1 1 128 10 16 256 2.84 1.2 1.2 0
1 1 128 10 16 512 3.94 2.07 2.07 0
1 1 128 10 32 1 2.21 0.35 0.35 0
1 1 128 10 32 16 2.21 0.41 0.41 0
1 1 128 10 32 64 2.5 0.74 0.74 0
1 1 128 10 32 128 2.69 1.16 1.16 0
1 1 128 10 32 256 3.62 2.01 2.01 0
1 1 128 10 32 512 5.25 3.76 3.76 0
1 1 128 10 64 1 1.84 0.31 0.31 0
1 1 128 10 64 16 2.36 0.56 0.56 0
1 1 128 10 64 64 3.06 1.22 1.22 0
1 1 128 10 64 128 3.87 2.07 2.07 0
1 1 128 10 64 256 5.69 3.8 3.8 0
1 1 128 10 64 512 9.02 7.27 7.27 0
1 1 128 10 128 1 2.08 0.32 0.32 0
1 1 128 10 128 16 2.55 0.79 0.79 0
1 1 128 10 128 64 3.83 2.1 2.1 0
1 1 128 10 128 128 5.62 3.84 3.84 0
1 1 128 10 128 256 9.1 7.28 7.28 0
1 1 128 10 128 512 15.9 14.21 14.21 0
1 1 256 10 1 1 2.11 0.44 0.44 0
1 1 256 10 1 16 2.23 0.35 0.35 0
1 1 256 10 1 64 2.22 0.36 0.36 0
1 1 256 10 1 128 2.01 0.34 0.34 0
1 1 256 10 1 256 2.02 0.34 0.34 0
1 1 256 10 1 512 2.23 0.46 0.46 0
1 1 256 10 4 1 2.13 0.41 0.41 0
1 1 256 10 4 16 2.04 0.32 0.32 0
1 1 256 10 4 64 1.99 0.36 0.36 0
1 1 256 10 4 128 2.15 0.41 0.41 0
1 1 256 10 4 256 2.32 0.56 0.56 0
1 1 256 10 4 512 2.71 0.83 0.83 0
1 1 256 10 16 1 2.16 0.39 0.39 0
1 1 256 10 16 16 1.95 0.31 0.31 0
1 1 256 10 16 64 2.21 0.53 0.53 0
1 1 256 10 16 128 2.53 0.77 0.77 0
1 1 256 10 16 256 2.83 1.32 1.32 0
1 1 256 10 16 512 3.95 2.29 2.29 0
1 1 256 10 32 1 2.01 0.39 0.39 0
1 1 256 10 32 16 2.26 0.43 0.43 0
1 1 256 10 32 64 2.55 0.76 0.76 0
1 1 256 10 32 128 3 1.2 1.2 0
1 1 256 10 32 256 4.14 2.33 2.33 0
1 1 256 10 32 512 6.12 4.32 4.32 0
1 1 256 10 64 1 2.11 0.36 0.36 0
1 1 256 10 64 16 2.33 0.52 0.52 0
1 1 256 10 64 64 2.67 1.19 1.19 0
1 1 256 10 64 128 3.85 2.08 2.08 0
1 1 256 10 64 256 6.12 4.33 4.33 0
1 1 256 10 64 512 10.14 8.34 8.34 0
1 1 256 10 128 1 2.08 0.41 0.41 0
1 1 256 10 128 16 2.59 0.8 0.8 0
1 1 256 10 128 64 3.83 2.09 2.09 0
1 1 256 10 128 128 5.6 3.84 3.84 0
1 1 256 10 128 256 10.11 8.32 8.32 0
1 1 256 10 128 512 18.12 16.35 16.35 0
1 1 512 10 1 1 2.32 0.6 0.6 0
1 1 512 10 1 16 2.26 0.44 0.44 0
1 1 512 10 1 64 2.34 0.41 0.41 0
1 1 512 10 1 128 2.19 0.41 0.41 0
1 1 512 10 1 256 2.15 0.42 0.42 0
1 1 512 10 1 512 2.25 0.48 0.48 0
1 1 512 10 4 1 2.09 0.46 0.46 0
1 1 512 10 4 16 2.14 0.39 0.39 0
1 1 512 10 4 64 1.86 0.39 0.39 0
1 1 512 10 4 128 2.03 0.42 0.42 0
1 1 512 10 4 256 2.27 0.58 0.58 0
1 1 512 10 4 512 2.83 0.98 0.98 0
1 1 512 10 16 1 2.32 0.5 0.5 0
1 1 512 10 16 16 2.22 0.41 0.41 0
1 1 512 10 16 64 2.31 0.53 0.53 0
1 1 512 10 16 128 2.53 0.77 0.77 0
1 1 512 10 16 256 2.94 1.32 1.32 0
1 1 512 10 16 512 4.59 2.95 2.95 0
1 1 512 10 32 1 2.13 0.45 0.45 0
1 1 512 10 32 16 2.1 0.37 0.37 0
1 1 512 10 32 64 2.54 0.79 0.79 0
1 1 512 10 32 128 2.82 1.2 1.2 0
1 1 512 10 32 256 4.16 2.33 2.33 0
1 1 512 10 32 512 7.41 5.62 5.62 0
1 1 512 10 64 1 2.09 0.48 0.48 0
1 1 512 10 64 16 2.26 0.49 0.49 0
1 1 512 10 64 64 2.96 1.15 1.15 0
1 1 512 10 64 128 3.82 2.07 2.07 0
1 1 512 10 64 256 6.29 4.33 4.33 0
1 1 512 10 64 512 12.73 10.91 10.91 0
1 1 512 10 128 1 2.1 0.49 0.49 0
1 1 512 10 128 16 2.09 0.75 0.75 0
1 1 512 10 128 64 3.73 2.1 2.1 0
1 1 512 10 128 128 5.67 3.85 3.85 0
1 1 512 10 128 256 10.13 8.32 8.32 0
1 1 1024 10 1 1 2.06 0.84 0.84 0
1 1 1024 10 1 16 2 0.52 0.52 0
1 1 1024 10 1 64 2.16 0.51 0.51 0
1 1 1024 10 1 128 2.31 0.55 0.55 0
1 1 1024 10 1 256 2.39 0.57 0.57 0
1 1 1024 10 1 512 2.51 0.66 0.66 0
1 1 1024 10 4 1 2.61 0.74 0.74 0
1 1 1024 10 4 16 2.35 0.55 0.55 0
1 1 1024 10 4 64 2.12 0.5 0.5 0
1 1 1024 10 4 128 1.88 0.5 0.5 0
1 1 1024 10 4 256 2.27 0.56 0.56 0
1 1 1024 10 4 512 2.71 0.97 0.97 0
1 1 1024 10 16 1 2.42 0.65 0.65 0
1 1 1024 10 16 16 2.29 0.56 0.56 0
1 1 1024 10 16 64 2.33 0.54 0.54 0
1 1 1024 10 16 128 2.6 0.76 0.76 0
1 1 1024 10 16 256 3.08 1.31 1.31 0
1 1 1024 10 16 512 4.74 3 3 0
1 1 1024 10 32 1 2.34 0.65 0.65 0
1 1 1024 10 32 16 2.3 0.56 0.56 0
1 1 1024 10 32 64 2.36 0.77 0.77 0
1 1 1024 10 32 128 2.89 1.21 1.21 0
1 1 1024 10 32 256 4.08 2.34 2.34 0
1 1 1024 10 32 512 7.43 5.61 5.61 0
1 1 1024 10 64 1 2.52 0.7 0.7 0
1 1 1024 10 64 16 2.29 0.54 0.54 0
1 1 1024 10 64 64 2.87 1.2 1.2 0
1 1 1024 10 64 128 3.65 2.05 2.05 0
1 1 1024 10 64 256 6.12 4.33 4.33 0
1 1 1024 10 64 512 12.79 10.92 10.92 0
1 1 1024 10 128 1 2.5 0.67 0.67 0
1 1 1024 10 128 16 2.54 0.8 0.8 0
1 1 1024 10 128 64 3.68 2.08 2.08 0
1 1 1024 10 128 128 5.58 3.84 3.84 0
1 1 1024 10 128 256 9.9 8.28 8.28 0
1 1 4096 10 1 1 4.41 2.6 2.6 0
1 1 4096 10 1 16 3.09 1.3 1.3 0
1 1 4096 10 1 64 3.06 1.24 1.24 0
1 1 4096 10 1 128 2.89 1.22 1.22 0
1 1 4096 10 1 256 2.99 1.32 1.32 0
1 1 4096 10 1 512 3.47 1.67 1.67 0
1 1 4096 10 4 1 3.41 1.93 1.93 0
1 1 4096 10 4 16 3.07 1.26 1.26 0
1 1 4096 10 4 64 2.89 1.22 1.22 0
1 1 4096 10 4 128 3.01 1.23 1.23 0
1 1 4096 10 4 256 3.12 1.35 1.35 0
1 1 4096 10 4 512 3.2 1.64 1.64 0
1 1 4096 10 16 1 3.41 1.79 1.79 0
1 1 4096 10 16 16 2.63 1.19 1.19 0
1 1 4096 10 16 64 2.89 1.2 1.2 0
1 1 4096 10 16 128 2.93 1.21 1.21 0
1 1 4096 10 16 256 3.07 1.34 1.34 0
1 1 4096 10 16 512 4.71 2.99 2.99 0
1 1 4096 10 32 1 3.55 1.78 1.78 0
1 1 4096 10 32 16 2.94 1.2 1.2 0
1 1 4096 10 32 64 2.89 1.18 1.18 0
1 1 4096 10 32 128 2.9 1.18 1.18 0
1 1 4096 10 32 256 4.09 2.33 2.33 0
1 1 4096 10 32 512 7.41 5.64 5.64 0
1 1 4096 10 64 1 3.57 1.77 1.77 0
1 1 4096 10 64 16 3.03 1.24 1.24 0
1 1 4096 10 64 64 2.88 1.22 1.22 0
1 1 4096 10 64 128 3.77 2.1 2.1 0
1 1 4096 10 64 256 5.94 4.35 4.35 0
1 1 4096 10 64 512 12.72 10.94 10.94 0
1 1 4096 10 128 1 3.62 1.77 1.77 0
1 1 4096 10 128 16 2.92 1.21 1.21 0
1 1 4096 10 128 64 3.79 2.09 2.09 0
1 1 4096 10 128 128 5.61 3.85 3.85 0
1 1 4096 10 128 256 10.06 8.36 8.36 0
1 1 4 100 1 1 2.08 0.32 0.32 0
1 1 4 100 1 16 2.12 0.35 0.35 0
1 1 4 100 1 64 2.21 0.49 0.49 0
1 1 4 100 1 128 2.34 0.58 0.58 0
1 1 4 100 1 256 2.55 0.89 0.89 0
1 1 4 100 1 512 3.02 1.42 1.42 0
1 1 4 100 4 1 2.07 0.32 0.32 0
1 1 4 100 4 16 2.26 0.48 0.48 0
1 1 4 100 4 64 2.72 0.89 0.89 0
1 1 4 100 4 128 3.2 1.42 1.42 0
1 1 4 100 4 256 4.22 2.51 2.51 0
1 1 4 100 4 512 6.35 4.62 4.62 0
1 1 4 100 16 1 2 0.36 0.36 0
1 1 4 100 16 16 2.52 0.93 0.93 0
1 1 4 100 16 64 4.22 2.54 2.54 0
1 1 4 100 16 128 6.54 4.67 4.67 0
1 1 4 100 16 256 10.72 8.97 8.97 0
1 1 4 100 16 512 19.08 17.49 17.49 0
1 1 4 100 32 1 2.23 0.49 0.49 0
1 1 4 100 32 16 3.28 1.52 1.52 0
1 1 4 100 32 64 6.45 4.71 4.71 0
1 1 4 100 32 128 10.71 9.01 9.01 0
1 1 4 100 32 256 19.33 17.57 17.57 0
1 1 4 100 32 512 36.42 34.75 34.75 0
1 1 4 100 64 1 2.37 0.67 0.67 0
1 1 4 100 64 16 4.39 2.63 2.63 0
1 1 4 100 64 64 10.84 9.06 9.06 0
1 1 4 100 64 128 19.53 17.69 17.69 0
1 1 4 100 64 256 36.5 34.79 34.79 0
1 1 4 100 64 512 70.85 69.12 69.12 0
1 1 4 100 128 1 2.78 0.98 0.98 0
1 1 4 100 128 16 6.75 5 5 0
1 1 4 100 128 64 19.55 17.84 17.84 0
1 1 4 100 128 128 36.79 35.02 35.02 0
1 1 4 100 128 256 71.11 69.29 69.29 0
1 1 4 100 128 512 139.53 137.87 137.87 0
1 1 128 100 1 1 2.77 1.05 1.05 0
1 1 128 100 1 16 2.48 0.65 0.65 0
1 1 128 100 1 64 2.41 0.63 0.63 0
1 1 128 100 1 128 2.44 0.62 0.62 0
1 1 128 100 1 256 2.6 0.87 0.87 0
1 1 128 100 1 512 3.12 1.38 1.38 0
1 1 128 100 4 1 2.28 0.84 0.84 0
1 1 128 100 4 16 2.19 0.63 0.63 0
1 1 128 100 4 64 2.7 0.9 0.9 0
1 1 128 100 4 128 3.21 1.44 1.44 0
1 1 128 100 4 256 4.32 2.52 2.52 0
1 1 128 100 4 512 6.51 4.7 4.7 0
1 1 128 100 16 1 2.29 0.78 0.78 0
1 1 128 100 16 16 2.59 0.85 0.85 0
1 1 128 100 16 64 4.16 2.52 2.52 0
1 1 128 100 16 128 6.21 4.71 4.71 0
1 1 128 100 16 256 10.88 9.04 9.04 0
1 1 128 100 16 512 19.4 17.69 17.69 0
1 1 128 100 32 1 2.66 0.84 0.84 0
1 1 128 100 32 16 3.32 1.51 1.51 0
1 1 128 100 32 64 6.63 4.78 4.78 0
1 1 128 100 32 128 10.81 9.14 9.14 0
1 1 128 100 32 256 19.14 17.72 17.72 0
1 1 128 100 32 512 36.71 35.02 35.02 0
1 1 128 100 64 1 2.53 0.88 0.88 0
1 1 128 100 64 16 4.53 2.67 2.67 0
1 1 128 100 64 64 10.89 9.21 9.21 0
1 1 128 100 64 128 19.74 17.91 17.91 0
1 1 128 100 64 256 36.96 35.2 35.2 0
1 1 128 100 64 512 71.55 69.75 69.75 0
1 1 128 100 128 1 2.56 0.91 0.91 0
1 1 128 100 128 16 6.46 5.01 5.01 0
1 1 128 100 128 64 19.82 18.08 18.08 0
1 1 128 100 128 128 37.14 35.45 35.45 0
1 1 128 100 128 256 71.86 70.07 70.07 0
1 1 128 100 128 512 141.09 139.2 139.2 0
1 1 256 100 1 1 3.49 1.75 1.75 0
1 1 256 100 1 16 2.65 0.94 0.94 0
1 1 256 100 1 64 2.66 0.91 0.91 0
1 1 256 100 1 128 2.66 0.9 0.9 0
1 1 256 100 1 256 2.77 0.99 0.99 0
1 1 256 100 1 512 3.43 1.62 1.62 0
1 1 256 100 4 1 3.18 1.37 1.37 0
1 1 256 100 4 16 2.7 0.91 0.91 0
1 1 256 100 4 64 2.63 0.86 0.86 0
1 1 256 100 4 128 3.16 1.44 1.44 0
1 1 256 100 4 256 4.51 2.82 2.82 0
1 1 256 100 4 512 7.03 5.35 5.35 0
1 1 256 100 16 1 2.97 1.27 1.27 0
1 1 256 100 16 16 2.74 0.93 0.93 0
1 1 256 100 16 64 4.21 2.55 2.55 0
1 1 256 100 16 128 6.5 4.73 4.73 0
1 1 256 100 16 256 11.86 10.3 10.3 0
1 1 256 100 16 512 21.91 20.35 20.35 0
1 1 256 100 32 1 2.92 1.25 1.25 0
1 1 256 100 32 16 3.02 1.49 1.49 0
1 1 256 100 32 64 6.43 4.71 4.71 0
1 1 256 100 32 128 10.86 9.13 9.13 0
1 1 256 100 32 256 21.92 20.27 20.27 0
1 1 256 100 32 512 42.2 40.38 40.38 0
1 1 256 100 64 1 3.11 1.32 1.32 0
1 1 256 100 64 16 4.47 2.68 2.68 0
1 1 256 100 64 64 11.07 9.23 9.23 0
1 1 256 100 64 128 19.55 17.87 17.87 0
1 1 256 100 64 256 41.99 40.27 40.27 0
1 1 256 100 64 512 82.24 80.43 80.43 0
1 1 256 100 128 1 2.88 1.41 1.41 0
1 1 256 100 128 16 6.52 5 5 0
1 1 256 100 128 64 19.68 18.09 18.09 0
1 1 256 100 128 128 37.01 35.49 35.49 0
1 1 256 100 128 256 81.93 80.25 80.25 0
1 1 256 100 128 512 162.3 160.5 160.5 0
1 1 512 100 1 1 4.97 3.17 3.17 0
1 1 512 100 1 16 3.21 1.53 1.53 0
1 1 512 100 1 64 3.08 1.48 1.48 0
1 1 512 100 1 128 2.88 1.44 1.44 0
1 1 512 100 1 256 3.42 1.63 1.63 0
1 1 512 100 1 512 3.51 2.03 2.03 0
1 1 512 100 4 1 3.8 2.36 2.36 0
1 1 512 100 4 16 3.1 1.46 1.46 0
1 1 512 100 4 64 3.19 1.43 1.43 0
1 1 512 100 4 128 3.12 1.39 1.39 0
1 1 512 100 4 256 4.49 2.85 2.85 0
1 1 512 100 4 512 8.65 6.96 6.96 0
1 1 512 100 16 1 3.85 2.18 2.18 0
1 1 512 100 16 16 3.31 1.5 1.5 0
1 1 512 100 16 64 4 2.55 2.55 0
1 1 512 100 16 128 6.43 4.72 4.72 0
1 1 512 100 16 256 12 10.38 10.38 0
1 1 512 100 16 512 28.29 26.81 26.81 0
1 1 512 100 32 1 3.81 2.18 2.18 0
1 1 512 100 32 16 3.07 1.53 1.53 0
1 1 512 100 32 64 6.56 4.8 4.8 0
1 1 512 100 32 128 10.89 9.16 9.16 0
1 1 512 100 32 256 22.08 20.34 20.34 0
1 1 512 100 32 512 55.01 53.3 53.3 0
1 1 512 100 64 1 3.9 2.19 2.19 0
1 1 512 100 64 16 4.35 2.68 2.68 0
1 1 512 100 64 64 10.83 9.21 9.21 0
1 1 512 100 64 128 19.66 17.96 17.96 0
1 1 512 100 64 256 41.92 40.35 40.35 0
1 1 512 100 64 512 107.91 106.12 106.12 0
1 1 512 100 128 1 3.7 2.32 2.32 0
1 1 512 100 128 16 6.75 5 5 0
1 1 512 100 128 64 19.71 18.09 18.09 0
1 1 512 100 128 128 36.89 35.5 35.5 0
1 1 512 100 128 256 82.13 80.32 80.32 0
1 1 1024 100 1 1 7.77 5.98 5.98 0
1 1 1024 100 1 16 4.58 2.76 2.76 0
1 1 1024 100 1 64 4.45 2.62 2.62 0
1 1 1024 100 1 128 4.53 2.61 2.61 0
1 1 1024 100 1 256 4.7 2.86 2.86 0
1 1 1024 100 1 512 5.54 3.72 3.72 0
1 1 1024 100 4 1 6.19 4.4 4.4 0
1 1 1024 100 4 16 4.43 2.62 2.62 0
1 1 1024 100 4 64 4.36 2.57 2.57 0
1 1 1024 100 4 128 4.37 2.57 2.57 0
1 1 1024 100 4 256 4.68 2.88 2.88 0
1 1 1024 100 4 512 8.86 7 7 0
1 1 1024 100 16 1 5.84 4.03 4.03 0
1 1 1024 100 16 16 4.43 2.63 2.63 0
1 1 1024 100 16 64 4.41 2.58 2.58 0
1 1 1024 100 16 128 6.6 4.76 4.76 0
1 1 1024 100 16 256 12.22 10.37 10.37 0
1 1 1024 100 16 512 28.62 26.84 26.84 0
1 1 1024 100 32 1 5.7 3.96 3.96 0
1 1 1024 100 32 16 4.42 2.64 2.64 0
1 1 1024 100 32 64 6.39 4.79 4.79 0
1 1 1024 100 32 128 10.91 9.14 9.14 0
1 1 1024 100 32 256 21.72 20.34 20.34 0
1 1 1024 100 32 512 54.83 53.26 53.26 0
1 1 1024 100 64 1 5.64 3.98 3.98 0
1 1 1024 100 64 16 4.5 2.66 2.66 0
1 1 1024 100 64 64 10.96 9.23 9.23 0
1 1 1024 100 64 128 19.61 17.89 17.89 0
1 1 1024 100 64 256 42.15 40.39 40.39 0
1 1 1024 100 64 512 107.88 106.15 106.15 0
1 1 1024 100 128 1 5.76 4.09 4.09 0
1 1 1024 100 128 16 6.62 5.02 5.02 0
1 1 1024 100 128 64 19.82 18.12 18.12 0
1 1 1024 100 128 128 37.31 35.53 35.53 0
1 1 1024 100 128 256 82.07 80.35 80.35 0
1 1 4096 100 1 1 24.68 22.91 22.91 0
1 1 4096 100 1 16 11.71 9.98 9.98 0
1 1 4096 100 1 64 11.13 9.42 9.42 0
1 1 4096 100 1 128 11.14 9.31 9.31 0
1 1 4096 100 1 256 12.02 10.33 10.33 0
1 1 4096 100 1 512 15.57 13.8 13.8 0
1 1 4096 100 4 1 18.27 16.51 16.51 0
1 1 4096 100 4 16 11.23 9.46 9.46 0
1 1 4096 100 4 64 10.91 9.19 9.19 0
1 1 4096 100 4 128 10.96 9.13 9.13 0
1 1 4096 100 4 256 12.26 10.4 10.4 0
1 1 4096 100 4 512 15.39 13.66 13.66 0
1 1 4096 100 16 1 16.65 14.94 14.94 0
1 1 4096 100 16 16 11.12 9.36 9.36 0
1 1 4096 100 16 64 10.94 9.14 9.14 0
1 1 4096 100 16 128 10.8 9.13 9.13 0
1 1 4096 100 16 256 12.08 10.38 10.38 0
1 1 4096 100 16 512 28.46 26.82 26.82 0
1 1 4096 100 32 1 16.51 14.74 14.74 0
1 1 4096 100 32 16 11.1 9.35 9.35 0
1 1 4096 100 32 64 10.88 9.14 9.14 0
1 1 4096 100 32 128 10.93 9.18 9.18 0
1 1 4096 100 32 256 22 20.41 20.41 0
1 1 4096 100 32 512 55.17 53.39 53.39 0
1 1 4096 100 64 1 16.41 14.66 14.66 0
1 1 4096 100 64 16 11 9.44 9.44 0
1 1 4096 100 64 64 11 9.26 9.26 0
1 1 4096 100 64 128 19.8 17.98 17.98 0
1 1 4096 100 64 256 42.06 40.36 40.36 0
1 1 4096 100 64 512 108.13 106.3 106.3 0
1 1 4096 100 128 1 16.45 14.68 14.68 0
1 1 4096 100 128 16 11.19 9.5 9.5 0
1 1 4096 100 128 64 19.71 18.13 18.13 0
1 1 4096 100 128 128 37.21 35.54 35.54 0
1 1 4096 100 128 256 82.15 80.45 80.45 0
1 1 4 1000 1 1 2.65 0.84 0.84 0
1 1 4 1000 1 16 2.79 0.97 0.97 0
1 1 4 1000 1 64 3.78 1.96 1.96 0
1 1 4 1000 1 128 5.13 3.32 3.32 0
1 1 4 1000 1 256 7.67 5.97 5.97 0
1 1 4 1000 1 512 13.12 11.32 11.32 0
1 1 4 1000 4 1 2.65 0.85 0.85 0
1 1 4 1000 4 16 3.82 2.04 2.04 0
1 1 4 1000 4 64 7.86 6.07 6.07 0
1 1 4 1000 4 128 13.24 11.41 11.41 0
1 1 4 1000 4 256 23.92 22.13 22.13 0
1 1 4 1000 4 512 45.34 43.55 43.55 0
1 1 4 1000 16 1 3.21 1.39 1.39 0
1 1 4 1000 16 16 8.3 6.39 6.39 0
1 1 4 1000 16 64 24.38 22.5 22.5 0
1 1 4 1000 16 128 45.7 43.94 43.94 0
1 1 4 1000 16 256 88.51 86.75 86.75 0
1 1 4 1000 16 512 173.87 172.49 172.49 0
1 1 4 1000 32 1 3.77 2.12 2.12 0
1 1 4 1000 32 16 13.71 12.15 12.15 0
1 1 4 1000 32 64 46.07 44.37 44.37 0
1 1 4 1000 32 128 88.82 87.22 87.22 0
1 1 4 1000 32 256 174.5 172.97 172.97 0
1 1 4 1000 32 512 346.07 344.41 344.41 0
1 1 4 1000 64 1 5.41 3.73 3.73 0
1 1 4 1000 64 16 25.29 23.83 23.83 0
1 1 4 1000 64 64 90 88.19 88.19 0
1 1 4 1000 64 128 175.64 173.93 173.93 0
1 1 4 1000 64 256 347.3 345.44 345.44 0
1 1 4 1000 64 512 690.3 688.46 688.46 0
1 1 4 1000 128 1 8.69 6.92 6.92 0
1 1 4 1000 128 16 48.94 47.13 47.13 0
1 1 4 1000 128 64 177.53 175.75 175.75 0
1 1 4 1000 128 128 349.08 347.24 347.24 0
1 1 4 1000 128 256 692.02 690.19 690.19 0
1 1 4 1000 128 512 1377.75 1376 1376 0
1 1 128 1000 1 1 9.36 7.6 7.6 0
1 1 128 1000 1 16 5.32 3.59 3.59 0
1 1 128 1000 1 64 5.17 3.45 3.45 0
1 1 128 1000 1 128 5.23 3.39 3.39 0
1 1 128 1000 1 256 7.85 6.11 6.11 0
1 1 128 1000 1 512 13.25 11.49 11.49 0
1 1 128 1000 4 1 7.43 5.67 5.67 0
1 1 128 1000 4 16 5.25 3.47 3.47 0
1 1 128 1000 4 64 7.99 6.16 6.16 0
1 1 128 1000 4 128 13.37 11.61 11.61 0
1 1 128 1000 4 256 24.21 22.42 22.42 0
1 1 128 1000 4 512 45.73 44.03 44.03 0
1 1 128 1000 16 1 7.09 5.38 5.38 0
1 1 128 1000 16 16 8.2 6.42 6.42 0
1 1 128 1000 16 64 24.48 22.76 22.76 0
1 1 128 1000 16 128 46.35 44.54 44.54 0
1 1 128 1000 16 256 89.57 87.79 87.79 0
1 1 128 1000 16 512 175.97 174.18 174.18 0
1 1 128 1000 32 1 7.33 5.55 5.55 0
1 1 128 1000 32 16 14.05 12.27 12.27 0
1 1 128 1000 32 64 46.69 44.94 44.94 0
1 1 128 1000 32 128 90.28 88.5 88.5 0
1 1 128 1000 32 256 176.74 174.92 174.92 0
1 1 128 1000 32 512 349.55 347.78 347.78 0
1 1 128 1000 64 1 7.78 5.98 5.98 0
1 1 128 1000 64 16 25.78 23.95 23.95 0
1 1 128 1000 64 64 91.06 89.25 89.25 0
1 1 128 1000 64 128 178.04 176.34 176.34 0
1 1 128 1000 64 256 350.96 349.19 349.19 0
1 1 128 1000 64 512 696.56 694.8 694.8 0
1 1 128 1000 128 1 8.82 6.96 6.96 0
1 1 128 1000 128 16 49.09 47.35 47.35 0
1 1 128 1000 128 64 179.66 177.93 177.93 0
1 1 128 1000 128 128 353.82 352.05 352.05 0
1 1 128 1000 128 256 699.4 697.67 697.67 0
1 1 128 1000 128 512 1391.09 1389.35 1389.35 0
1 1 256 1000 1 1 16.4 14.59 14.59 0
1 1 256 1000 1 16 8.35 6.59 6.59 0
1 1 256 1000 1 64 8.05 6.23 6.23 0
1 1 256 1000 1 128 7.93 6.18 6.18 0
1 1 256 1000 1 256 8.82 7.03 7.03 0
1 1 256 1000 1 512 15.04 13.29 13.29 0
1 1 256 1000 4 1 12.52 10.71 10.71 0
1 1 256 1000 4 16 8.14 6.33 6.33 0
1 1 256 1000 4 64 7.95 6.15 6.15 0
1 1 256 1000 4 128 13.4 11.64 11.64 0
1 1 256 1000 4 256 27.49 25.68 25.68 0
1 1 256 1000 4 512 52.63 50.84 50.84 0
1 1 256 1000 16 1 11.72 9.93 9.93 0
1 1 256 1000 16 16 8.23 6.44 6.44 0
1 1 256 1000 16 64 24.56 22.8 22.8 0
1 1 256 1000 16 128 46.31 44.54 44.54 0
1 1 256 1000 16 256 102.36 100.61 100.61 0
1 1 256 1000 16 512 202.76 200.99 200.99 0
1 1 256 1000 32 1 11.86 10.03 10.03 0
1 1 256 1000 32 16 14.15 12.29 12.29 0
1 1 256 1000 32 64 46.75 44.97 44.97 0
1 1 256 1000 32 128 90.24 88.5 88.5 0
1 1 256 1000 32 256 202.44 200.65 200.65 0
1 1 256 1000 32 512 402.99 401.33 401.33 0
1 1 256 1000 64 1 12.17 10.43 10.43 0
1 1 256 1000 64 16 25.77 23.96 23.96 0
1 1 256 1000 64 64 91.07 89.37 89.37 0
1 1 256 1000 64 128 178.24 176.41 176.41 0
1 1 256 1000 64 256 402.35 400.53 400.53 0
1 1 256 1000 64 512 803.59 801.83 801.83 0
1 1 256 1000 128 1 13.14 11.43 11.43 0
1 1 256 1000 128 16 49.1 47.35 47.35 0
1 1 256 1000 128 64 179.92 178.11 178.11 0
1 1 256 1000 128 128 353.89 352.13 352.13 0
1 1 256 1000 128 256 802.14 800.34 800.34 0
1 1 256 1000 128 512 1604.37 1602.61 1602.61 0
1 1 512 1000 1 1 30.64 28.88 28.88 0
1 1 512 1000 1 16 14.3 12.6 12.6 0
1 1 512 1000 1 64 13.68 11.91 11.91 0
1 1 512 1000 1 128 13.56 11.81 11.81 0
1 1 512 1000 1 256 15.11 13.36 13.36 0
1 1 512 1000 1 512 19.19 17.41 17.41 0
1 1 512 1000 4 1 22.65 20.89 20.89 0
1 1 512 1000 4 16 13.75 12.02 12.02 0
1 1 512 1000 4 64 13.49 11.7 11.7 0
1 1 512 1000 4 128 13.38 11.65 11.65 0
1 1 512 1000 4 256 27.41 25.78 25.78 0
1 1 512 1000 4 512 68.74 67.02 67.02 0
1 1 512 1000 16 1 20.78 19.05 19.05 0
1 1 512 1000 16 16 13.72 12.04 12.04 0
1 1 512 1000 16 64 24.58 22.81 22.81 0
1 1 512 1000 16 128 46.34 44.63 44.63 0
1 1 512 1000 16 256 102.55 100.72 100.72 0
1 1 512 1000 16 512 267.31 265.54 265.54 0
1 1 512 1000 32 1 20.74 18.96 18.96 0
1 1 512 1000 32 16 13.99 12.29 12.29 0
1 1 512 1000 32 64 46.8 45.01 45.01 0
1 1 512 1000 32 128 90.39 88.67 88.67 0
1 1 512 1000 32 256 202.39 200.62 200.62 0
1 1 512 1000 32 512 531.88 530.1 530.1 0
1 1 512 1000 64 1 21.02 19.28 19.28 0
1 1 512 1000 64 16 25.6 23.99 23.99 0
1 1 512 1000 64 64 91.1 89.41 89.41 0
1 1 512 1000 64 128 178.42 176.66 176.66 0
1 1 512 1000 64 256 402.36 400.67 400.67 0
1 1 512 1000 64 512 1061.08 1059.4 1059.4 0
1 1 512 1000 128 1 22.12 20.31 20.31 0
1 1 512 1000 128 16 49.21 47.36 47.36 0
1 1 512 1000 128 64 180.01 178.15 178.15 0
1 1 512 1000 128 128 354.62 352.84 352.84 0
1 1 512 1000 128 256 802.31 800.59 800.59 0
1 1 1024 1000 1 1 58.71 56.92 56.92 0
1 1 1024 1000 1 16 26.34 24.65 24.65 0
1 1 1024 1000 1 64 25.04 23.26 23.26 0
1 1 1024 1000 1 128 24.83 23.06 23.06 0
1 1 1024 1000 1 256 27.45 25.65 25.65 0
1 1 1024 1000 1 512 35.96 34.21 34.21 0
1 1 1024 1000 4 1 42.8 41.07 41.07 0
1 1 1024 1000 4 16 25.14 23.4 23.4 0
1 1 1024 1000 4 64 24.52 22.76 22.76 0
1 1 1024 1000 4 128 24.4 22.65 22.65 0
1 1 1024 1000 4 256 27.6 25.89 25.89 0
1 1 1024 1000 4 512 68.81 67.05 67.05 0
1 1 1024 1000 16 1 38.99 37.25 37.25 0
1 1 1024 1000 16 16 25.04 23.28 23.28 0
1 1 1024 1000 16 64 24.67 22.84 22.84 0
1 1 1024 1000 16 128 46.44 44.68 44.68 0
1 1 1024 1000 16 256 102.75 100.97 100.97 0
1 1 1024 1000 16 512 267.23 265.53 265.53 0
1 1 1024 1000 32 1 38.6 36.86 36.86 0
1 1 1024 1000 32 16 25.29 23.52 23.52 0
1 1 1024 1000 32 64 46.76 45.06 45.06 0
1 1 1024 1000 32 128 90.24 88.6 88.6 0
1 1 1024 1000 32 256 202.84 201.02 201.02 0
1 1 1024 1000 32 512 531.95 530.17 530.17 0
1 1 1024 1000 64 1 38.65 37.01 37.01 0
1 1 1024 1000 64 16 25.86 24.06 24.06 0
1 1 1024 1000 64 64 91.26 89.48 89.48 0
1 1 1024 1000 64 128 178.42 176.68 176.68 0
1 1 1024 1000 64 256 403.07 401.33 401.33 0
1 1 1024 1000 64 512 1061.05 1059.29 1059.29 0
1 1 1024 1000 128 1 39.79 38.02 38.02 0
1 1 1024 1000 128 16 49.23 47.46 47.46 0
1 1 1024 1000 128 64 179.99 178.21 178.21 0
1 1 1024 1000 128 128 354.36 352.58 352.58 0
1 1 1024 1000 128 256 803.46 801.73 801.73 0
1 1 4096 1000 1 1 227.98 226.2 226.2 0
1 1 4096 1000 1 16 98.66 96.84 96.84 0
1 1 4096 1000 1 64 93.23 91.4 91.4 0
1 1 4096 1000 1 128 92.08 90.46 90.46 0
1 1 4096 1000 1 256 101.88 100.2 100.2 0
1 1 4096 1000 1 512 136.78 135.03 135.03 0
1 1 4096 1000 4 1 164.07 162.38 162.38 0
1 1 4096 1000 4 16 93.52 91.75 91.75 0
1 1 4096 1000 4 64 90.77 89.14 89.14 0
1 1 4096 1000 4 128 90.53 88.72 88.72 0
1 1 4096 1000 4 256 102.85 101.08 101.08 0
1 1 4096 1000 4 512 135.52 133.78 133.78 0
1 1 4096 1000 16 1 148.43 146.67 146.67 0
1 1 4096 1000 16 16 92.5 90.68 90.68 0
1 1 4096 1000 16 64 90.57 88.7 88.7 0
1 1 4096 1000 16 128 90.23 88.38 88.38 0
1 1 4096 1000 16 256 102.86 101.15 101.15 0
1 1 4096 1000 16 512 268.08 266.34 266.34 0
1 1 4096 1000 32 1 145.98 144.2 144.2 0
1 1 4096 1000 32 16 92.51 90.71 90.71 0
1 1 4096 1000 32 64 90.69 88.92 88.92 0
1 1 4096 1000 32 128 90.45 88.73 88.73 0
1 1 4096 1000 32 256 203.33 201.58 201.58 0
1 1 4096 1000 32 512 533.42 531.74 531.74 0
1 1 4096 1000 64 1 145.14 143.42 143.42 0
1 1 4096 1000 64 16 92.88 91.19 91.19 0
1 1 4096 1000 64 64 91.44 89.65 89.65 0
1 1 4096 1000 64 128 178.88 177.11 177.11 0
1 1 4096 1000 64 256 404.14 402.36 402.36 0
1 1 4096 1000 64 512 1062.49 1060.76 1060.76 0
1 1 4096 1000 128 1 145.93 144.12 144.12 0
1 1 4096 1000 128 16 93.99 92.22 92.22 0
1 1 4096 1000 128 64 180.13 178.43 178.43 0
1 1 4096 1000 128 128 355.2 353.49 353.49 0
1 1 4096 1000 128 256 805.05 803.33 803.33 0
1 1 4 5000 1 1 4.79 2.99 2.99 0
1 1 4 5000 1 16 5.26 3.49 3.49 0
1 1 4 5000 1 64 10.28 8.45 8.45 0
1 1 4 5000 1 128 16.91 15.19 15.19 0
1 1 4 5000 1 256 30.34 28.56 28.56 0
1 1 4 5000 1 512 57.06 55.39 55.39 0
1 1 4 5000 4 1 4.76 2.99 2.99 0
1 1 4 5000 4 16 10.51 8.81 8.81 0
1 1 4 5000 4 64 30.8 29.01 29.01 0
1 1 4 5000 4 128 57.56 55.79 55.79 0
1 1 4 5000 4 256 111.17 109.4 109.4 0
1 1 4 5000 4 512 218.35 216.57 216.57 0
1 1 4 5000 16 1 7.46 5.62 5.62 0
1 1 4 5000 16 16 32.45 30.69 30.69 0
1 1 4 5000 16 64 112.9 111.12 111.12 0
1 1 4 5000 16 128 220.11 218.33 218.33 0
1 1 4 5000 16 256 434.42 432.7 432.7 0
1 1 4 5000 16 512 863.05 861.31 861.31 0
1 1 4 5000 32 1 11.29 9.59 9.59 0
1 1 4 5000 32 16 61.48 59.73 59.73 0
1 1 4 5000 32 64 222.34 220.58 220.58 0
1 1 4 5000 32 128 436.82 434.98 434.98 0
1 1 4 5000 32 256 865.5 863.73 863.73 0
1 1 4 5000 32 512 1722.79 1721.09 1721.09 0
1 1 4 5000 64 1 19.19 17.46 17.46 0
1 1 4 5000 64 16 119.73 117.96 117.96 0
1 1 4 5000 64 64 441.32 439.62 439.62 0
1 1 4 5000 64 128 870.1 868.39 868.39 0
1 1 4 5000 64 256 1728.03 1726.26 1726.26 0
1 1 4 5000 64 512 3442.42 3440.64 3440.64 0
1 1 4 5000 128 1 35.08 33.35 33.35 0
1 1 4 5000 128 16 236.15 234.37 234.37 0
1 1 4 5000 128 64 879.35 877.54 877.54 0
1 1 4 5000 128 128 1736.78 1735.12 1735.12 0
1 1 4 5000 128 256 3451.98 3450.2 3450.2 0
1 1 4 5000 128 512 6881.57 6879.78 6879.78 0
1 1 128 5000 1 1 38.35 36.65 36.65 0
1 1 128 5000 1 16 18.43 16.66 16.66 0
1 1 128 5000 1 64 17.54 15.76 15.76 0
1 1 128 5000 1 128 17.27 15.66 15.66 0
1 1 128 5000 1 256 30.88 29.13 29.13 0
1 1 128 5000 1 512 57.89 56.17 56.17 0
1 1 128 5000 4 1 28.8 27.03 27.03 0
1 1 128 5000 4 16 17.76 16.04 16.04 0
1 1 128 5000 4 64 31.26 29.43 29.43 0
1 1 128 5000 4 128 58.52 56.73 56.73 0
1 1 128 5000 4 256 112.56 110.8 110.8 0
1 1 128 5000 4 512 220.68 218.93 218.93 0
1 1 128 5000 16 1 27.23 25.52 25.52 0
1 1 128 5000 16 16 32.57 30.86 30.86 0
1 1 128 5000 16 64 114.22 112.5 112.5 0
1 1 128 5000 16 128 223.33 221.5 221.5 0
1 1 128 5000 16 256 439.47 437.68 437.68 0
1 1 128 5000 16 512 871.4 869.7 869.7 0
1 1 128 5000 32 1 28.15 26.43 26.43 0
1 1 128 5000 32 16 61.84 60 60 0
1 1 128 5000 32 64 225.07 223.32 223.32 0
1 1 128 5000 32 128 442.81 441.07 441.07 0
1 1 128 5000 32 256 875.04 873.23 873.23 0
1 1 128 5000 32 512 1739.45 1737.7 1737.7 0
1 1 128 5000 64 1 30.35 28.6 28.6 0
1 1 128 5000 64 16 120.25 118.42 118.42 0
1 1 128 5000 64 64 446.77 444.97 444.97 0
1 1 128 5000 64 128 881.85 880.15 880.15 0
1 1 128 5000 64 256 1746.41 1744.66 1744.66 0
1 1 128 5000 64 512 3473.89 3471.99 3471.99 0
1 1 128 5000 128 1 35.29 33.58 33.58 0
1 1 128 5000 128 16 237.08 235.41 235.41 0
1 1 128 5000 128 64 889.99 888.26 888.26 0
1 1 128 5000 128 128 1760.83 1758.96 1758.96 0
1 1 128 5000 128 256 3489.66 3487.83 3487.83 0
1 1 128 5000 128 512 6946.84 6945.08 6945.08 0
1 1 256 5000 1 1 73.56 71.66 71.66 0
1 1 256 5000 1 16 33.52 31.67 31.67 0
1 1 256 5000 1 64 31.73 29.93 29.93 0
1 1 256 5000 1 128 31.63 29.71 29.71 0
1 1 256 5000 1 256 35.7 33.85 33.85 0
1 1 256 5000 1 512 67.06 65.24 65.24 0
1 1 256 5000 4 1 54.07 52.28 52.28 0
1 1 256 5000 4 16 32.17 30.31 30.31 0
1 1 256 5000 4 64 31.3 29.53 29.53 0
1 1 256 5000 4 128 58.64 56.8 56.8 0
1 1 256 5000 4 256 128.93 127.13 127.13 0
1 1 256 5000 4 512 254.61 252.88 252.88 0
1 1 256 5000 16 1 50.12 48.31 48.31 0
1 1 256 5000 16 16 32.59 30.91 30.91 0
1 1 256 5000 16 64 114.32 112.56 112.56 0
1 1 256 5000 16 128 223.28 221.39 221.39 0
1 1 256 5000 16 256 503.89 502.08 502.08 0
1 1 256 5000 16 512 1005.21 1003.41 1003.41 0
1 1 256 5000 32 1 50.77 48.84 48.84 0
1 1 256 5000 32 16 61.98 60.09 60.09 0
1 1 256 5000 32 64 225.4 223.56 223.56 0
1 1 256 5000 32 128 443.14 441.27 441.27 0
1 1 256 5000 32 256 1003.41 1001.44 1001.44 0
1 1 256 5000 32 512 752.32 750.47 750.47 0
1 1 256 5000 64 1 5.68 3.86 3.86 0
1 1 256 5000 64 16 2.14 0.3 0.3 0
